Date,Open,High,Low,Close,Volume,Dividends,Stock Splits
2021-01-04 00:00:00+03:00,16.599760055541992,16.83599892509011,16.536762923531153,16.599760055541992,4287376,0.0,0.0
2021-01-05 00:00:00+03:00,16.615508873038934,16.710003815287255,16.300523228927823,16.426517486572266,3472012,0.0,0.0
2021-01-06 00:00:00+03:00,16.505262715285834,17.324226889174227,16.505262715285834,17.040739059448242,11878189,0.0,0.0
2021-01-07 00:00:00+03:00,17.198234557521786,17.324228828846692,16.88324887920952,17.119487762451172,5417207,0.0,0.0
2021-01-08 00:00:00+03:00,17.29272896277217,17.355727598411114,17.07223974591644,17.16673469543457,4203624,0.0,0.0
2021-01-11 00:00:00+03:00,17.198233873268336,17.5132195390485,16.946245340644207,17.135236740112305,4933590,0.0,0.0
2021-01-12 00:00:00+03:00,17.339978092135013,17.733710556523345,17.276980957911686,17.59196662902832,5166035,0.0,0.0
2021-01-13 00:00:00+03:00,18.032946226973564,19.355887522571646,17.954199435193654,18.867658615112305,15822559,0.0,0.0
2021-01-14 00:00:00+03:00,19.40313491533029,20.39534088286015,19.21414351703462,19.79686737060547,12420333,0.0,0.0
2021-01-15 00:00:00+03:00,19.749620142433354,19.796867617103036,18.88340842964844,19.292890548706055,6758246,0.0,0.0
2021-01-18 00:00:00+03:00,19.13539574673278,19.592125311409617,18.96215401598296,19.27713966369629,3822296,0.0,0.0
2021-01-19 00:00:00+03:00,19.529129424024603,19.733870483553414,19.229893415156432,19.292890548706055,3934284,0.0,0.0
2021-01-20 00:00:00+03:00,19.37163680935752,19.812616732099368,19.29289001908966,19.497631072998047,5424222,0.0,0.0
2021-01-21 00:00:00+03:00,19.67087296106038,20.017357939717478,19.513380881285414,19.686622619628906,7590397,0.0,0.0
2021-01-22 00:00:00+03:00,19.702372121441353,19.92286133176607,19.214143223492158,19.41888427734375,3725539,0.0,0.0
2021-01-25 00:00:00+03:00,19.765369258726693,19.781118917174286,19.37163680935752,19.497631072998047,3545990,0.0,0.0
2021-01-26 00:00:00+03:00,19.48188304690106,20.096106260090828,19.403136250035157,19.922863006591797,7510350,0.0,0.0
2021-01-27 00:00:00+03:00,20.001608576037057,21.05681168416387,19.81261717633869,19.985858917236328,14320392,0.0,0.0
2021-01-28 00:00:00+03:00,19.844116508097425,20.552834632964444,19.261391147815733,20.300846099853516,8319022,0.0,0.0
2021-01-29 00:00:00+03:00,19.781118346749228,21.088309920802004,19.781118346749228,20.631580352783203,7497457,0.0,0.0
2021-02-01 00:00:00+03:00,20.97806490339875,21.041062036665377,20.12760285331421,20.22209930419922,5192704,0.0,0.0
2021-02-02 00:00:00+03:00,20.395339799052287,20.631580160845658,20.0646044941176,20.127601623535156,5215520,0.0,0.0
2021-02-03 00:00:00+03:00,20.15910179695865,20.883569567070246,20.15910179695865,20.694578170776367,6194852,0.0,0.0
2021-02-04 00:00:00+03:00,20.75757507864365,21.38754639281808,20.61583115746188,21.277301788330078,6049052,0.0,0.0
2021-02-05 00:00:00+03:00,21.277301570739105,22.395501768441083,21.088310178419487,21.86002540588379,6387717,0.0,0.0
2021-02-08 00:00:00+03:00,22.049017551924557,23.718443827437127,21.938772944795375,22.96247673034668,8535209,0.0,0.0
2021-02-09 00:00:00+03:00,23.056972478049126,23.986179784907275,22.3325047204856,22.741985321044922,6542229,0.0,0.0
2021-02-10 00:00:00+03:00,22.91523034054129,23.37195995136576,22.427001410777795,22.789236068725586,3866770,0.0,0.0
2021-02-11 00:00:00+03:00,22.804983939663433,22.867982576749856,22.033268658996878,22.175012588500977,3159553,0.0,0.0
2021-02-12 00:00:00+03:00,22.222258539118997,22.521496036860604,21.261551919041885,21.938772201538086,3855270,0.0,0.0
2021-02-15 00:00:00+03:00,22.2537581631365,22.600243138269725,22.12776389980989,22.316755294799805,3237583,0.0,0.0
2021-02-16 00:00:00+03:00,22.64749144704568,23.151468518945062,21.7970293872304,22.411251068115234,5078633,0.0,0.0
2021-02-17 00:00:00+03:00,22.52149598744803,23.308960871610758,22.458498856793817,22.86798095703125,6441650,0.0,0.0
2021-02-18 00:00:00+03:00,23.025475092482186,23.54520184236541,22.663241934308505,22.82073402404785,4621540,0.0,0.0
2021-02-19 00:00:00+03:00,23.056971755013382,24.899639656642016,22.930977496950746,23.608196258544922,14802399,0.0,0.0
2021-02-22 00:00:00+03:00,23.860187250667458,24.175174430480645,23.198716576212064,23.48220443725586,7293724,0.0,0.0
2021-02-23 00:00:00+03:00,23.71844422962575,23.860186654636713,22.22225966879857,22.48999786376953,5421470,0.0,0.0
2021-02-24 00:00:00+03:00,22.222258049201532,22.568743011906253,21.29305076599121,21.29305076599121,3586289,0.0,0.0
2021-02-25 00:00:00+03:00,21.671035332465763,22.04901814010908,20.001609012419205,20.867820739746094,5720442,0.0,0.0
2021-02-26 00:00:00+03:00,20.001609665466713,21.576539584038425,20.001609665466713,20.930818557739258,4218538,0.0,0.0
2021-03-01 00:00:00+03:00,21.167056512218164,21.686784744262695,20.99381476951675,21.686784744262695,3262603,0.0,0.0
2021-03-02 00:00:00+03:00,21.81277891043557,22.75773591436457,21.513541399380447,22.37975311279297,5624121,0.0,0.0
2021-03-03 00:00:00+03:00,22.55299581932374,23.293213297206297,22.25375979743984,22.82073402404785,7008914,0.0,0.0
2021-03-04 00:00:00+03:00,22.726238944545027,23.970433505844774,22.568745353709033,23.592449188232422,7998781,0.0,0.0
2021-03-05 00:00:00+03:00,23.76569203806463,24.616154109913236,23.65544742751931,23.986181259155273,8726234,0.0,0.0
2021-03-08 00:00:00+03:00,24.190920801642005,24.80514395455937,23.70269341252852,23.907434463500977,7672971,0.0,0.0
2021-03-09 00:00:00+03:00,23.70269378299789,23.891685178702506,23.02547348857878,23.434955596923828,5512552,0.0,0.0
2021-03-10 00:00:00+03:00,24.789396003182375,25.10438167945486,24.127925332025065,24.332666397094727,13757393,0.0,0.0
2021-03-11 00:00:00+03:00,24.5689057933441,24.5689057933441,23.844438016048898,23.97043228149414,5250777,0.0,0.0
2021-03-12 00:00:00+03:00,23.92318345248585,24.537406626783483,23.79718918626636,24.159423828125,4903392,0.0,0.0
2021-03-15 00:00:00+03:00,24.175172259055344,24.773644242216914,23.907434081444617,24.143672943115234,5031099,0.0,0.0
2021-03-16 00:00:00+03:00,24.316915679265204,25.13587990389406,24.143673940349153,24.820894241333008,14314924,0.0,0.0
2021-03-17 00:00:00+03:00,24.175172805786133,24.175172805786133,24.175172805786133,24.175172805786133,50,0.0,0.0
2021-03-18 00:00:00+03:00,24.112176283721496,24.490159081281657,22.946727071622476,22.96247673034668,6623827,0.0,0.0
2021-03-19 00:00:00+03:00,25.183126284344144,25.246124916091095,24.017678632486465,24.915388107299805,36528804,0.0,0.0
2021-03-22 00:00:00+03:00,23.78144010250241,24.58465314285114,22.63174059060039,22.86798095703125,13336140,0.0,0.0
2021-03-23 00:00:00+03:00,22.86798189882255,25.151629856549835,22.316755856419007,25.12013053894043,16645196,0.0,0.0
2021-03-24 00:00:00+03:00,25.51386304149818,27.372277615170486,25.466614067783595,26.931299209594727,16435156,0.0,0.0
2021-03-25 00:00:00+03:00,27.561271649436094,29.43543896270101,27.403778067794132,29.214946746826172,20913876,0.0,0.0
2021-03-26 00:00:00+03:00,29.87641778173914,30.742630990257048,27.860509522666714,28.82121467590332,30222438,0.0,0.0
2021-03-29 00:00:00+03:00,29.0574571411182,30.191405559779376,28.821215258782676,29.892168045043945,13326160,0.0,0.0
2021-03-30 00:00:00+03:00,30.537886558004047,30.947368649008517,29.277943973328817,30.018159866333008,16829966,0.0,0.0
2021-03-31 00:00:00+03:00,29.82917336104147,30.60088865710345,29.48268685803458,29.529935836791992,13069165,0.0,0.0
2021-04-01 00:00:00+03:00,29.608679895452266,30.065410992563724,29.1362021433524,29.356691360473633,11313756,0.0,0.0
2021-04-02 00:00:00+03:00,29.514182707060087,29.81342019612655,28.899961075133188,28.97870635986328,6582200,0.0,0.0
2021-04-05 00:00:00+03:00,28.97870712944291,29.21494599384698,28.395984797508873,28.506229400634766,5805582,0.0,0.0
2021-04-06 00:00:00+03:00,28.4589807070653,28.821213836322762,28.1912425237141,28.569225311279297,5615299,0.0,0.0
2021-04-07 00:00:00+03:00,28.52197817113228,28.679468739873514,27.82900825369867,27.939252853393555,4684646,0.0,0.0
2021-04-08 00:00:00+03:00,28.033751610989803,29.34094333546307,28.033751610989803,29.13620376586914,11606909,0.0,0.0
2021-04-09 00:00:00+03:00,29.167700311212652,29.356690203025167,27.923504340362896,28.569225311279297,8489780,0.0,0.0
2021-04-12 00:00:00+03:00,28.427483412836395,28.868464865004825,27.482527878667508,27.955005645751953,6314954,0.0,0.0
2021-04-13 00:00:00+03:00,28.065248659739723,28.19124292405067,26.206831008198137,26.679311752319336,7469715,0.0,0.0
2021-04-14 00:00:00+03:00,26.78955573336169,27.262033462524414,26.254079371542527,27.262033462524414,5325980,0.0,0.0
2021-04-15 00:00:00+03:00,27.403778708594388,27.435278026447392,25.907597157860096,26.348575592041016,7065324,0.0,0.0
2021-04-16 00:00:00+03:00,26.080836815067464,26.78955643121341,25.687104362528657,25.750102996826172,4563175,0.0,0.0
2021-04-19 00:00:00+03:00,25.671355748610626,25.671355748610626,24.222421646118164,24.222421646118164,6828195,0.0,0.0
2021-04-20 00:00:00+03:00,24.206671302464777,25.38787017672026,24.001930244365568,24.159423828125,9915202,0.0,0.0
2021-04-21 00:00:00+03:00,24.190921577605426,24.411412293872228,22.72623786131278,23.041223526000977,7661415,0.0,0.0
2021-04-22 00:00:00+03:00,22.852233217105592,23.93893418760167,22.615992830844572,23.828689575195312,6296912,0.0,0.0
2021-04-26 00:00:00+03:00,23.686945504051103,23.907436229532856,23.387709485583898,23.560951232910156,5523642,0.0,0.0
2021-04-27 00:00:00+03:00,23.68694334809995,25.151628494262695,23.639695876215036,25.151628494262695,7688151,0.0,0.0
2021-04-28 00:00:00+03:00,23.812938156248126,24.206670602287883,23.560949631097895,23.938932418823242,8893450,0.0,0.0
2021-04-29 00:00:00+03:00,23.97043087695253,24.33266399339011,23.576698445014276,23.608196258544922,4164553,0.0,0.0
2021-04-30 00:00:00+03:00,23.639697587413025,23.639697587413025,22.67898941040039,22.67898941040039,5820173,0.0,0.0
2021-05-03 00:00:00+03:00,22.678988063098533,22.99397521833968,22.379752067983528,22.86798095703125,5531915,0.0,0.0
2021-05-04 00:00:00+03:00,22.97822653927783,23.63969719031716,22.615991896103846,23.230215072631836,9164701,0.0,0.0
2021-05-05 00:00:00+03:00,23.434955071632537,23.923182457433384,23.419205413517652,23.63969612121582,7550644,0.0,0.0
2021-05-06 00:00:00+03:00,23.623946131378226,23.828687178086575,23.056971964934366,23.104219436645508,4997749,0.0,0.0
2021-05-07 00:00:00+03:00,23.15146867592542,23.324711922043132,22.710488735023358,22.91522979736328,3538724,0.0,0.0
2021-05-10 00:00:00+03:00,23.07272216878456,23.7026950227195,22.96247755768327,23.450706481933594,4859927,0.0,0.0
2021-05-11 00:00:00+03:00,23.23021386082062,23.592446983128465,22.993974998617244,23.371957778930664,4110545,0.0,0.0
2021-05-12 00:00:00+03:00,23.356209485529803,23.497953411921348,23.214465559138254,23.419206619262695,1333358,0.0,0.0
2021-05-17 00:00:00+03:00,23.639697486444653,23.98618097316164,23.49795355916491,23.68694496154785,4546847,0.0,0.0
2021-05-18 00:00:00+03:00,23.828689587113207,24.994137353612523,23.812939927627223,24.86814308166504,8301679,0.0,0.0
2021-05-20 00:00:00+03:00,24.726397259933712,25.718603202145058,24.616152655900258,24.946887969970703,7259544,0.0,0.0
2021-05-21 00:00:00+03:00,25.214625795030788,25.671353862964548,25.167376820855523,25.49811363220215,5833900,0.0,0.0
2021-05-24 00:00:00+03:00,25.624107837094012,26.38007339861619,25.59260852104556,26.26982879638672,5899551,0.0,0.0
2021-05-25 00:00:00+03:00,26.380074970477455,26.710808796872698,24.694900512695312,24.694900512695312,9789352,0.0,0.0
2021-05-26 00:00:00+03:00,24.978387435346356,25.608360290527344,24.26966928749165,25.608360290527344,6741285,0.0,0.0
2021-05-27 00:00:00+03:00,25.655607223510742,26.191080578102564,25.21462580944322,25.655607223510742,5688966,0.0,0.0
2021-05-28 00:00:00+03:00,25.624108811994347,25.624108811994347,24.66340066354603,24.899641036987305,4840901,0.0,0.0
2021-05-31 00:00:00+03:00,24.899640728705528,25.072882465508137,24.36416435789916,24.44291114807129,4339324,0.0,0.0
2021-06-01 00:00:00+03:00,24.663399806740927,24.883890513898926,24.332664496988958,24.41141128540039,3147093,0.0,0.0
2021-06-02 00:00:00+03:00,24.0806767945505,24.694899962683245,24.049178979296826,24.584653854370117,4433511,0.0,0.0
2021-06-03 00:00:00+03:00,24.67915030863922,25.29337197491554,24.53740638504619,24.663400650024414,6783646,0.0,0.0
2021-06-04 00:00:00+03:00,24.584654396293764,24.962638701460566,24.4114126536545,24.53740692138672,4947098,0.0,0.0
2021-06-07 00:00:00+03:00,24.72639832582684,24.820894777621938,24.458660131372568,24.616153717041016,4134664,0.0,0.0
2021-06-08 00:00:00+03:00,24.694899976308584,25.198877036406273,24.679150317688002,24.820894241333008,7633733,0.0,0.0
2021-06-09 00:00:00+03:00,24.883891514073945,24.99413612109905,24.74214758963017,24.852392196655273,3266438,0.0,0.0
2021-06-10 00:00:00+03:00,24.931137993531042,25.041382596157614,24.411411292619963,24.490158081054688,4443995,0.0,0.0
2021-06-11 00:00:00+03:00,24.616152561808658,24.631902220030405,23.78144020166717,23.907434463500977,5067396,0.0,0.0
2021-06-14 00:00:00+03:00,24.017680286102305,24.017680286102305,23.434956420052963,23.529451370239258,3860574,0.0,0.0
2021-06-15 00:00:00+03:00,23.51370223462872,23.76569076059882,23.056972655815393,23.24596405029297,3405094,0.0,0.0
2021-06-16 00:00:00+03:00,23.15146812912676,23.308961712428555,22.88372993869578,22.96247673034668,2038463,0.0,0.0
2021-06-17 00:00:00+03:00,22.883731160337632,23.025475092482186,22.64749227474351,22.82073402404785,1724982,0.0,0.0
2021-06-18 00:00:00+03:00,22.930979458597125,23.261714789797043,22.75773621246326,22.993976593017578,2776166,0.0,0.0
2021-06-21 00:00:00+03:00,22.83648105241875,23.655445231795934,22.537245065012492,23.608196258544922,4222535,0.0,0.0
2021-06-22 00:00:00+03:00,23.797188648607822,24.1751729406965,23.797188648607822,24.1279239654541,3119051,0.0,0.0
2021-06-23 00:00:00+03:00,24.20667212981825,24.915390277018528,24.14367499455534,24.568906784057617,5650968,0.0,0.0
2021-06-24 00:00:00+03:00,24.56890450488315,25.041382224539717,24.26966701366595,24.88389015197754,4143935,0.0,0.0
2021-06-25 00:00:00+03:00,24.899641327113272,25.466615526432406,24.805144876241684,25.198877334594727,4579637,0.0,0.0
2021-06-28 00:00:00+03:00,25.356371725829078,25.466616337046624,24.41141319491525,24.568906784057617,3214380,0.0,0.0
2021-06-29 00:00:00+03:00,24.521657801752514,24.521657801752514,23.73419286012172,24.25391960144043,3061462,0.0,0.0
2021-06-30 00:00:00+03:00,24.600403042087553,24.600403042087553,23.860185623168945,23.860185623168945,4510969,0.0,0.0
2021-07-01 00:00:00+03:00,23.90743558272563,24.647651530159873,23.73419233811622,24.53740692138672,3073397,0.0,0.0
2021-07-02 00:00:00+03:00,24.458659444874737,24.600403367603885,24.09642631076256,24.474409103393555,2529394,0.0,0.0
2021-07-05 00:00:00+03:00,24.47440873530291,24.946887969970703,24.458659077020965,24.946887969970703,1956681,0.0,0.0
2021-07-06 00:00:00+03:00,24.93113913560933,25.387870229059246,24.852392343567274,25.041383743286133,2596525,0.0,0.0
2021-07-07 00:00:00+03:00,24.994133580308127,25.340618526840803,24.978383923199832,25.261873245239258,1931090,0.0,0.0
2021-07-08 00:00:00+03:00,25.198877728174605,25.403617287982286,24.75789778848319,24.805145263671875,2226433,0.0,0.0
2021-07-09 00:00:00+03:00,24.805143889187306,24.89964033629866,24.42716110468203,24.679149627685547,1884266,0.0,0.0
2021-07-12 00:00:00+03:00,24.60040234078532,24.61615199864675,23.765689999740164,23.875934600830078,2070585,0.0,0.0
2021-07-13 00:00:00+03:00,23.781440879087437,23.986180433921874,23.59244797898314,23.891685485839844,1648830,0.0,0.0
2021-07-14 00:00:00+03:00,23.954681342114487,24.757895867862658,23.907433870591078,24.64764976501465,2070274,0.0,0.0
2021-07-16 00:00:00+03:00,24.742146905810046,24.89964048461037,24.395661933631377,24.78939437866211,1660750,0.0,0.0
2021-07-19 00:00:00+03:00,24.72639769114995,25.32487119857023,24.63190274375049,25.27762222290039,1369061,0.0,0.0
2021-07-26 00:00:00+03:00,25.35636968408572,25.41936531230592,25.057132189204438,25.18312644958496,2489134,0.0,0.0
2021-07-27 00:00:00+03:00,25.183128355469275,25.277623306921107,24.994136950595436,25.104381561279297,1726049,0.0,0.0
2021-07-28 00:00:00+03:00,25.104381966074023,25.120131625560006,24.6949013332298,24.86814308166504,2273357,0.0,0.0
2021-07-29 00:00:00+03:00,24.994134941918503,25.435114851184366,24.994134941918503,25.387868881225586,3110182,0.0,0.0
2021-07-30 00:00:00+03:00,25.477713532338054,25.562639568078392,25.036099442351805,25.35881805419922,2927686,2.345794,0.0
2021-08-02 00:00:00+03:00,25.477714127048593,25.698521177195882,25.32484758311359,25.341833114624023,1725912,0.0,0.0
2021-08-03 00:00:00+03:00,25.290877930425562,25.30786184196587,24.81529277104963,24.951173782348633,2415759,0.0,0.0
2021-08-04 00:00:00+03:00,25.002129762741838,25.205951274687227,24.90021819685445,25.070070266723633,1722536,0.0,0.0
2021-08-05 00:00:00+03:00,24.883233744959817,24.968159783577217,24.64544278062645,24.798309326171875,2103817,0.0,0.0
2021-08-06 00:00:00+03:00,24.86624967647985,25.036100132815385,24.594486030649986,24.84926414489746,3464784,0.0,0.0
2021-08-09 00:00:00+03:00,24.84926437214958,25.138011932373047,24.747352801552697,25.138011932373047,2211003,0.0,0.0
2021-08-10 00:00:00+03:00,25.273893570868417,25.40977458846748,24.9172054947135,25.019115447998047,4050951,0.0,0.0
2021-08-11 00:00:00+03:00,25.019115291668363,25.07007188782174,24.288755231594358,24.441621780395508,2083324,0.0,0.0
2021-08-12 00:00:00+03:00,24.492576637911906,25.002131258167516,24.492576637911906,24.93419075012207,2146161,0.0,0.0
2021-08-13 00:00:00+03:00,24.951174322917,25.138011932373047,24.832278840411856,25.138011932373047,1486163,0.0,0.0
2021-08-16 00:00:00+03:00,25.13801162032186,25.341833139156023,25.087056645570676,25.23992156982422,1830575,0.0,0.0
2021-08-17 00:00:00+03:00,25.22293822326311,25.630581270064944,24.917205128246994,25.324848175048828,3859943,0.0,0.0
2021-08-18 00:00:00+03:00,25.392788037616413,25.54565458124012,24.883233432147204,24.900218963623047,2373668,0.0,0.0
2021-08-19 00:00:00+03:00,24.832280116912855,24.883235094915904,24.577503607068074,24.7133846282959,1957372,0.0,0.0
2021-08-20 00:00:00+03:00,24.69639744540125,24.98514500117282,24.662428002279,24.900218963623047,1763630,0.0,0.0
2021-08-23 00:00:00+03:00,25.83440339812182,26.05521045859819,25.307863235473633,25.307863235473633,8352906,0.0,0.0
2021-08-24 00:00:00+03:00,25.307863084326236,25.324848616529785,24.696398503463993,24.730369567871094,4118338,0.0,0.0
2021-08-25 00:00:00+03:00,24.781324322270567,24.88323427491834,24.39066518424213,24.441621780395508,2045761,0.0,0.0
2021-08-26 00:00:00+03:00,24.45860590796309,24.611472458110153,24.084933918525273,24.186843872070312,1708035,0.0,0.0
2021-08-27 00:00:00+03:00,24.186843530281944,24.54353160230817,23.983022006242596,24.39066505432129,2019663,0.0,0.0
2021-08-31 00:00:00+03:00,24.543531163912338,24.59448613905465,24.3566951751709,24.3566951751709,1690782,0.0,0.0
2021-09-01 00:00:00+03:00,24.390664437806546,24.713383057583705,24.390664437806546,24.50956153869629,1687173,0.0,0.0
2021-09-02 00:00:00+03:00,24.526544550105083,24.628456115722656,24.45860404630316,24.628456115722656,1345911,0.0,0.0
2021-09-03 00:00:00+03:00,24.628456762281516,25.053085327148438,24.407649714171185,25.053085327148438,1932113,0.0,0.0
2021-09-06 00:00:00+03:00,25.121026426519908,25.18896693371135,24.883233841435136,25.036100387573242,1361965,0.0,0.0
2021-09-07 00:00:00+03:00,24.88323301836778,25.00213011689212,24.662427592171316,24.76433753967285,1408217,0.0,0.0
2021-09-08 00:00:00+03:00,24.679412749793304,24.781324322270567,24.424636248344385,24.441621780395508,1105246,0.0,0.0
2021-09-09 00:00:00+03:00,24.37368111518723,24.59448655111312,24.25478401142389,24.492576599121094,1601895,0.0,0.0
2021-09-10 00:00:00+03:00,24.509560706754552,24.526544617879928,24.13588712489671,24.2377986907959,1623445,0.0,0.0
2021-09-13 00:00:00+03:00,24.186843253908837,24.356695331915535,24.101917214905484,24.305740356445312,1280609,0.0,0.0
2021-09-14 00:00:00+03:00,24.305740382524768,24.57750241176351,24.135888304335822,24.203828811645508,2281791,0.0,0.0
2021-09-15 00:00:00+03:00,24.203828219851218,24.356694762517726,24.03397614581523,24.220813751220703,1723692,0.0,0.0
2021-09-16 00:00:00+03:00,24.18684343688056,24.373681048067237,24.033976889484,24.152873992919922,1241364,0.0,0.0
2021-09-17 00:00:00+03:00,24.101916018175178,24.169856522038522,23.643318022054956,23.694272994995117,1639389,0.0,0.0
2021-09-20 00:00:00+03:00,23.35457118891919,23.864125793370587,23.201704645600827,23.72824478149414,1719345,0.0,0.0
2021-09-21 00:00:00+03:00,23.728244703872832,23.9490517524071,23.35457111252027,23.38854217529297,1535719,0.0,0.0
2021-09-22 00:00:00+03:00,23.57537880034989,23.830155298736223,23.43949778523325,23.81317138671875,1153642,0.0,0.0
2021-09-23 00:00:00+03:00,23.83015496096053,24.016992568969727,23.490452427983975,24.016992568969727,1496144,0.0,0.0
2021-09-24 00:00:00+03:00,23.881112547984294,24.135889053344727,23.643319955106243,24.135889053344727,1649448,0.0,0.0
2021-09-27 00:00:00+03:00,24.169856734308556,24.917203903198242,24.169856734308556,24.917203903198242,2477241,0.0,0.0
2021-09-28 00:00:00+03:00,24.934190524180526,25.053086007225318,24.54353139158704,24.645442962646484,2023752,0.0,0.0
2021-09-29 00:00:00+03:00,24.730369028350648,24.832278979689654,24.45860537851119,24.54353141784668,2128849,0.0,0.0
2021-09-30 00:00:00+03:00,24.54888780058322,24.6967725287914,24.216148043577324,24.308574676513672,2551815,2.345794,0.0
2021-10-01 00:00:00+03:00,23.846433800543508,24.10523294921199,23.66157877685885,23.809463500976562,2378431,0.0,0.0
2021-10-04 00:00:00+03:00,23.735522038176487,23.79097837109044,23.38429448289636,23.43975257873535,9674707,0.0,0.0
2021-10-05 00:00:00+03:00,23.421265715156665,23.4397517464466,22.977611541748047,22.977611541748047,2298964,0.0,0.0
2021-10-06 00:00:00+03:00,22.86669749039553,22.959125885429792,22.40455727814924,22.792755126953125,2643200,0.0,0.0
2021-10-07 00:00:00+03:00,22.885182637730473,23.162466049194336,22.885182637730473,23.162466049194336,1929927,0.0,0.0
2021-10-08 00:00:00+03:00,23.143982314336817,23.291867038913892,22.94063949584961,22.94063949584961,1776422,0.0,0.0
2021-10-11 00:00:00+03:00,22.94063930223708,23.05155372619629,22.811240610055474,23.05155372619629,1416360,0.0,0.0
2021-10-12 00:00:00+03:00,22.922153822246088,23.14398267549831,22.73729879510257,22.792755126953125,2326327,0.0,0.0
2021-10-13 00:00:00+03:00,22.774268254234695,22.829726346962005,22.312128059056718,22.33061408996582,3775021,0.0,0.0
2021-10-14 00:00:00+03:00,22.256672278525897,22.386070972233174,21.86847443447908,22.071815490722656,3518576,0.0,0.0
2021-10-15 00:00:00+03:00,22.07181464255961,22.145757002254495,21.53573209404047,21.60967445373535,3716375,0.0,0.0
2021-10-18 00:00:00+03:00,21.628160461312557,21.90544563206619,21.46178971144536,21.665132522583008,2578132,0.0,0.0
2021-10-19 00:00:00+03:00,21.683617990334206,21.997873476825283,21.683617990334206,21.94241714477539,2081593,0.0,0.0
2021-10-20 00:00:00+03:00,21.997872934890438,22.219701783475102,21.849988211117306,22.182729721069336,2793723,0.0,0.0
2021-10-21 00:00:00+03:00,22.182730538504465,22.64487075805664,21.73907635083638,22.64487075805664,6091174,0.0,0.0
2021-10-22 00:00:00+03:00,22.55244199648947,22.903669544901586,22.256672542831904,22.811241149902344,2964607,0.0,0.0
2021-10-25 00:00:00+03:00,22.737298097970445,23.107009903847008,22.49698498341944,23.070037841796875,3581693,0.0,0.0
2021-10-26 00:00:00+03:00,23.143981590315345,23.439751030216833,23.088523498140127,23.273380279541016,3930888,0.0,0.0
2021-10-27 00:00:00+03:00,23.27338166485673,23.79097821549355,23.180953268654612,23.458236694335938,3764293,0.0,0.0
2021-10-28 00:00:00+03:00,23.513694952628253,23.532179221656644,23.38429449187927,23.421266555786133,830880,0.0,0.0
2021-11-01 00:00:00+03:00,23.32883677734394,23.73552064160927,22.848210552569004,23.217924118041992,5238606,0.0,0.0
2021-11-02 00:00:00+03:00,23.236408058622903,23.42126483875515,23.125495400883484,23.31035041809082,2909472,0.0,0.0
2021-11-03 00:00:00+03:00,23.310350754432537,23.45823547550218,22.145757253815418,23.199438095092773,4044277,0.0,0.0
2021-11-04 00:00:00+03:00,23.71703546372552,23.71703546372552,23.31035158483395,23.661579132080078,3986407,0.0,0.0
2021-11-05 00:00:00+03:00,23.754006825918108,24.30857365186021,23.680064464930833,23.938861846923828,5401013,0.0,0.0
2021-11-08 00:00:00+03:00,24.271604358361525,24.604345878051674,24.197661994310938,24.34554672241211,5062268,0.0,0.0
2021-11-09 00:00:00+03:00,24.38251597090567,25.177397672345275,24.216146981164187,24.770713806152344,7572611,0.0,0.0
2021-11-10 00:00:00+03:00,24.974056782687665,24.974056782687665,24.12371874581912,24.73374366760254,5366207,0.0,0.0
2021-11-11 00:00:00+03:00,24.65980097122543,25.047998803715668,24.474944188925342,24.844655990600586,3782731,0.0,0.0
2021-11-12 00:00:00+03:00,24.90011471413649,25.473167580525857,24.789200289360338,25.43619728088379,5258297,0.0,0.0
2021-11-15 00:00:00+03:00,25.65802512099649,26.71170425415039,25.6395390891701,26.71170425415039,6028796,0.0,0.0
2021-11-16 00:00:00+03:00,26.711704143049236,27.081415963414187,25.972280502319336,25.972280502319336,5010135,0.0,0.0
2021-11-17 00:00:00+03:00,25.879851582412414,26.452906214567108,25.824395251211953,26.175621032714844,3277930,0.0,0.0
2021-11-18 00:00:00+03:00,26.175619981763372,26.859587248857693,26.009249231916797,26.619274139404297,5862147,0.0,0.0
2021-11-19 00:00:00+03:00,26.7301897249799,27.21081596482881,26.434420273665182,26.988988876342773,4383258,0.0,0.0
2021-11-22 00:00:00+03:00,27.19232940673828,27.266271768134867,26.89655996115193,27.19232940673828,3225600,0.0,0.0
2021-11-23 00:00:00+03:00,27.17384296603666,29.11483212709462,26.98898794679419,28.227523803710938,12385957,0.0,0.0
2021-11-24 00:00:00+03:00,28.430866412476696,29.09634769149945,27.968726194646305,28.375410079956055,6110768,0.0,0.0
2021-11-25 00:00:00+03:00,28.412379728233276,28.449351791014735,27.746898464491842,27.839326858520508,3465432,0.0,0.0
2021-11-26 00:00:00+03:00,27.635984233494916,27.74689865969461,27.00747326518831,27.728412628173828,3729519,0.0,0.0
2021-11-29 00:00:00+03:00,27.728412390205857,28.634206771850586,27.488099271273075,28.634206771850586,5083630,0.0,0.0
2021-11-30 00:00:00+03:00,28.639999389648438,28.940000534057617,27.8799991607666,28.040000915527344,6381168,2.345794,0.0
2021-12-01 00:00:00+03:00,28.100000381469727,28.68000030517578,28.100000381469727,28.639999389648438,3047376,0.0,0.0
2021-12-02 00:00:00+03:00,28.65999984741211,29.200000762939453,28.5,28.600000381469727,3829200,0.0,0.0
2021-12-03 00:00:00+03:00,28.639999389648438,28.799999237060547,28.299999237060547,28.420000076293945,4759220,0.0,0.0
2021-12-06 00:00:00+03:00,28.5,28.579999923706055,28.0,28.18000030517578,4226745,0.0,0.0
2021-12-07 00:00:00+03:00,28.239999771118164,28.6200008392334,28.219999313354492,28.3799991607666,5428142,0.0,0.0
2021-12-08 00:00:00+03:00,28.520000457763672,28.6200008392334,28.280000686645508,28.399999618530273,5730634,0.0,0.0
2021-12-09 00:00:00+03:00,28.420000076293945,29.459999084472656,28.420000076293945,29.059999465942383,14561062,0.0,0.0
2021-12-10 00:00:00+03:00,29.260000228881836,29.8799991607666,29.059999465942383,29.459999084472656,12117698,0.0,0.0
2021-12-13 00:00:00+03:00,30.200000762939453,30.780000686645508,30.139999389648438,30.31999969482422,10323729,0.0,0.0
2021-12-14 00:00:00+03:00,30.799999237060547,30.899999618530273,30.100000381469727,30.299999237060547,7260099,0.0,0.0
2021-12-15 00:00:00+03:00,30.6200008392334,30.6200008392334,29.6200008392334,29.68000030517578,7859851,0.0,0.0
2021-12-16 00:00:00+03:00,29.84000015258789,31.399999618530273,29.479999542236328,31.399999618530273,11950830,0.0,0.0
2021-12-17 00:00:00+03:00,32.099998474121094,33.34000015258789,28.260000228881836,28.260000228881836,16246053,0.0,0.0
2021-12-20 00:00:00+03:00,26.719999313354492,29.0,25.5,27.440000534057617,8887985,0.0,0.0
2021-12-21 00:00:00+03:00,28.6200008392334,29.979999542236328,25.040000915527344,25.200000762939453,7827732,0.0,0.0
2021-12-22 00:00:00+03:00,25.059999465942383,25.079999923706055,23.34000015258789,23.920000076293945,9532469,0.0,0.0
2021-12-23 00:00:00+03:00,24.299999237060547,24.639999389648438,22.440000534057617,23.559999465942383,7760397,0.0,0.0
2021-12-24 00:00:00+03:00,23.81999969482422,24.8799991607666,23.559999465942383,24.8799991607666,5600185,0.0,0.0
2021-12-27 00:00:00+03:00,24.940000534057617,25.6200008392334,24.360000610351562,24.68000030517578,5509774,0.0,0.0
2021-12-28 00:00:00+03:00,24.84000015258789,24.940000534057617,23.600000381469727,23.799999237060547,3375268,0.0,0.0
2021-12-29 00:00:00+03:00,23.8799991607666,24.459999084472656,23.440000534057617,24.280000686645508,3508444,0.0,0.0
2021-12-30 00:00:00+03:00,24.68000030517578,24.719999313354492,23.959999084472656,24.100000381469727,2987498,0.0,0.0
2021-12-31 00:00:00+03:00,24.139999389648438,25.040000915527344,23.84000015258789,25.040000915527344,4380325,0.0,0.0
2022-01-03 00:00:00+03:00,25.440000534057617,26.579999923706055,25.3799991607666,26.579999923706055,5717875,0.0,0.0
2022-01-04 00:00:00+03:00,26.979999542236328,27.540000915527344,26.0,27.059999465942383,8570844,0.0,0.0
2022-01-05 00:00:00+03:00,27.079999923706055,27.079999923706055,26.639999389648438,26.920000076293945,4899312,0.0,0.0
2022-01-06 00:00:00+03:00,26.600000381469727,26.860000610351562,26.239999771118164,26.420000076293945,4804148,0.0,0.0
2022-01-07 00:00:00+03:00,26.579999923706055,26.639999389648438,26.0,26.540000915527344,3887486,0.0,0.0
2022-01-10 00:00:00+03:00,26.81999969482422,27.5,26.739999771118164,27.059999465942383,6575359,0.0,0.0
2022-01-11 00:00:00+03:00,27.399999618530273,27.479999542236328,26.739999771118164,26.760000228881836,6544602,0.0,0.0
2022-01-12 00:00:00+03:00,27.020000457763672,27.139999389648438,26.739999771118164,26.739999771118164,4227119,0.0,0.0
2022-01-13 00:00:00+03:00,26.739999771118164,27.15999984741211,26.479999542236328,26.719999313354492,4453884,0.0,0.0
2022-01-14 00:00:00+03:00,26.799999237060547,27.239999771118164,26.799999237060547,27.020000457763672,6599492,0.0,0.0
2022-01-17 00:00:00+03:00,27.280000686645508,27.520000457763672,27.0,27.100000381469727,6771724,0.0,0.0
2022-01-18 00:00:00+03:00,27.059999465942383,27.059999465942383,25.719999313354492,25.719999313354492,5766995,0.0,0.0
2022-01-19 00:00:00+03:00,25.68000030517578,26.0,25.040000915527344,25.81999969482422,7389431,0.0,0.0
2022-01-20 00:00:00+03:00,25.84000015258789,25.920000076293945,24.68000030517578,24.84000015258789,8789709,0.0,0.0
2022-01-21 00:00:00+03:00,24.719999313354492,25.299999237060547,24.559999465942383,25.15999984741211,5013107,0.0,0.0
2022-01-24 00:00:00+03:00,25.15999984741211,25.280000686645508,23.5,23.520000457763672,8985110,0.0,0.0
2022-01-25 00:00:00+03:00,23.65999984741211,23.979999542236328,23.15999984741211,23.6200008392334,4411840,0.0,0.0
2022-01-26 00:00:00+03:00,23.700000762939453,24.1200008392334,23.6200008392334,23.84000015258789,3568964,0.0,0.0
2022-01-27 00:00:00+03:00,23.600000381469727,24.940000534057617,23.299999237060547,24.899999618530273,6023326,0.0,0.0
2022-01-28 00:00:00+03:00,25.020000457763672,25.18000030517578,24.239999771118164,24.399999618530273,5234622,0.0,0.0
2022-01-31 00:00:00+03:00,24.600000381469727,24.639999389648438,24.18000030517578,24.18000030517578,3091680,0.0,0.0
2022-02-01 00:00:00+03:00,24.299999237060547,24.68000030517578,24.200000762939453,24.360000610351562,3653395,0.0,0.0
2022-02-02 00:00:00+03:00,24.399999618530273,24.479999542236328,23.920000076293945,23.920000076293945,3636883,0.0,0.0
2022-02-03 00:00:00+03:00,23.899999618530273,24.100000381469727,23.420000076293945,23.559999465942383,3382171,0.0,0.0
2022-02-04 00:00:00+03:00,23.579999923706055,23.84000015258789,23.299999237060547,23.459999084472656,2482552,0.0,0.0
2022-02-07 00:00:00+03:00,23.459999084472656,23.979999542236328,23.020000457763672,23.8799991607666,3764105,0.0,0.0
2022-02-08 00:00:00+03:00,23.940000534057617,23.979999542236328,23.5,23.639999389648438,3766538,0.0,0.0
2022-02-09 00:00:00+03:00,23.739999771118164,24.260000228881836,23.739999771118164,24.200000762939453,4687515,0.0,0.0
2022-02-10 00:00:00+03:00,24.1200008392334,24.559999465942383,23.899999618530273,24.440000534057617,4965410,0.0,0.0
2022-02-11 00:00:00+03:00,24.18000030517578,24.540000915527344,23.860000610351562,24.440000534057617,4762156,0.0,0.0
2022-02-14 00:00:00+03:00,24.15999984741211,24.15999984741211,23.5,23.700000762939453,5357500,0.0,0.0
2022-02-15 00:00:00+03:00,23.719999313354492,24.260000228881836,23.639999389648438,24.079999923706055,4500784,0.0,0.0
2022-02-16 00:00:00+03:00,24.1200008392334,24.239999771118164,23.780000686645508,23.899999618530273,3768477,0.0,0.0
2022-02-17 00:00:00+03:00,23.940000534057617,24.040000915527344,23.459999084472656,23.559999465942383,4355674,0.0,0.0
2022-02-18 00:00:00+03:00,23.68000030517578,23.81999969482422,23.459999084472656,23.719999313354492,2463464,0.0,0.0
2022-02-21 00:00:00+03:00,23.780000686645508,24.059999465942383,23.3799991607666,23.719999313354492,4595609,0.0,0.0
2022-02-22 00:00:00+03:00,23.079999923706055,23.440000534057617,22.799999237060547,23.200000762939453,5332970,0.0,0.0
2022-02-23 00:00:00+03:00,23.260000228881836,23.3799991607666,23.059999465942383,23.100000381469727,3178692,0.0,0.0
2022-02-24 00:00:00+03:00,20.81999969482422,21.81999969482422,20.799999237060547,20.799999237060547,4000399,0.0,0.0
2022-02-25 00:00:00+03:00,21.299999237060547,22.1200008392334,20.959999084472656,21.860000610351562,6211570,0.0,0.0
2022-02-28 00:00:00+03:00,22.0,24.040000915527344,21.940000534057617,22.520000457763672,9558293,0.0,0.0
2022-03-01 00:00:00+03:00,22.8799991607666,23.020000457763672,22.020000457763672,22.260000228881836,5158101,0.0,0.0
2022-03-02 00:00:00+03:00,22.239999771118164,23.139999389648438,21.959999084472656,22.459999084472656,5120474,0.0,0.0
2022-03-03 00:00:00+03:00,22.600000381469727,23.540000915527344,22.600000381469727,23.299999237060547,6570505,0.0,0.0
2022-03-04 00:00:00+03:00,23.059999465942383,23.3799991607666,22.860000610351562,23.139999389648438,4564534,0.0,0.0
2022-03-07 00:00:00+03:00,22.899999618530273,23.100000381469727,22.440000534057617,22.940000534057617,4849541,0.0,0.0
2022-03-08 00:00:00+03:00,22.600000381469727,24.5,22.600000381469727,24.239999771118164,12453309,0.0,0.0
2022-03-09 00:00:00+03:00,24.600000381469727,24.700000762939453,24.020000457763672,24.15999984741211,7992722,0.0,0.0
2022-03-10 00:00:00+03:00,24.299999237060547,24.579999923706055,23.84000015258789,24.15999984741211,5856632,0.0,0.0
2022-03-11 00:00:00+03:00,24.079999923706055,24.719999313354492,24.020000457763672,24.459999084472656,10483709,0.0,0.0
2022-03-14 00:00:00+03:00,25.1200008392334,25.520000457763672,24.760000228881836,24.84000015258789,14443519,0.0,0.0
2022-03-15 00:00:00+03:00,24.799999237060547,24.940000534057617,24.459999084472656,24.700000762939453,7777287,0.0,0.0
2022-03-16 00:00:00+03:00,24.799999237060547,24.8799991607666,24.459999084472656,24.6200008392334,6726890,0.0,0.0
2022-03-17 00:00:00+03:00,24.780000686645508,25.18000030517578,24.700000762939453,25.079999923706055,8425464,0.0,0.0
2022-03-18 00:00:00+03:00,25.18000030517578,25.360000610351562,25.079999923706055,25.18000030517578,6798760,0.0,0.0
2022-03-21 00:00:00+03:00,25.31999969482422,25.84000015258789,25.299999237060547,25.81999969482422,7545953,0.0,0.0
2022-03-22 00:00:00+03:00,25.84000015258789,26.34000015258789,25.6200008392334,26.200000762939453,8671385,0.0,0.0
2022-03-23 00:00:00+03:00,26.31999969482422,26.34000015258789,25.639999389648438,25.760000228881836,7444294,0.0,0.0
2022-03-24 00:00:00+03:00,25.81999969482422,26.0,25.399999618530273,25.420000076293945,5216564,0.0,0.0
2022-03-25 00:00:00+03:00,25.5,25.559999465942383,25.040000915527344,25.059999465942383,7945878,0.0,0.0
2022-03-28 00:00:00+03:00,25.1200008392334,25.399999618530273,24.940000534057617,25.200000762939453,7726189,0.0,0.0
2022-03-29 00:00:00+03:00,25.360000610351562,25.579999923706055,25.139999389648438,25.540000915527344,11739281,0.0,0.0
2022-03-30 00:00:00+03:00,25.940000534057617,25.979999542236328,25.68000030517578,25.780000686645508,7585498,0.0,0.0
2022-03-31 00:00:00+03:00,25.799999237060547,26.0,25.700000762939453,25.799999237060547,9783923,0.0,0.0
2022-04-01 00:00:00+03:00,25.81999969482422,25.979999542236328,25.600000381469727,25.979999542236328,6429276,0.0,0.0
2022-04-04 00:00:00+03:00,26.239999771118164,27.360000610351562,26.1200008392334,27.360000610351562,20243042,0.0,0.0
2022-04-05 00:00:00+03:00,27.639999389648438,28.399999618530273,27.100000381469727,27.700000762939453,19036753,0.0,0.0
2022-04-06 00:00:00+03:00,27.760000228881836,27.84000015258789,27.15999984741211,27.3799991607666,10288109,0.0,0.0
2022-04-07 00:00:00+03:00,27.479999542236328,27.84000015258789,27.399999618530273,27.6200008392334,8162997,0.0,0.0
2022-04-08 00:00:00+03:00,27.719999313354492,28.31999969482422,27.600000381469727,28.299999237060547,12390505,0.0,0.0
2022-04-11 00:00:00+03:00,28.420000076293945,29.31999969482422,28.260000228881836,29.219999313354492,18054924,0.0,0.0
2022-04-12 00:00:00+03:00,29.200000762939453,31.1200008392334,28.520000457763672,30.860000610351562,23637430,0.0,0.0
2022-04-13 00:00:00+03:00,29.920000076293945,30.639999389648438,29.219999313354492,29.6200008392334,23254551,0.0,0.0
2022-04-14 00:00:00+03:00,29.65999984741211,30.079999923706055,29.399999618530273,29.540000915527344,15615309,0.0,0.0
2022-04-15 00:00:00+03:00,29.6200008392334,29.920000076293945,29.459999084472656,29.540000915527344,8197791,0.0,0.0
2022-04-18 00:00:00+03:00,29.579999923706055,30.18000030517578,29.559999465942383,29.81999969482422,15810708,0.0,0.0
2022-04-19 00:00:00+03:00,30.0,30.700000762939453,29.760000228881836,30.280000686645508,18208439,0.0,0.0
2022-04-20 00:00:00+03:00,30.399999618530273,30.5,29.899999618530273,30.1200008392334,9074895,0.0,0.0
2022-04-21 00:00:00+03:00,30.139999389648438,30.280000686645508,30.0,30.15999984741211,9278224,0.0,0.0
2022-04-22 00:00:00+03:00,30.040000915527344,30.100000381469727,28.399999618530273,28.420000076293945,11558906,0.0,0.0
2022-04-25 00:00:00+03:00,28.040000915527344,28.34000015258789,27.420000076293945,27.760000228881836,11507455,0.0,0.0
2022-04-26 00:00:00+03:00,27.860000610351562,28.040000915527344,26.260000228881836,26.520000457763672,9300758,0.0,0.0
2022-04-27 00:00:00+03:00,26.5,26.639999389648438,25.780000686645508,26.139999389648438,11166728,0.0,0.0
2022-04-28 00:00:00+03:00,26.31999969482422,27.260000228881836,26.31999969482422,26.440000534057617,17745726,0.0,0.0
2022-04-29 00:00:00+03:00,26.459999084472656,26.520000457763672,25.520000457763672,26.139999389648438,11344289,0.0,0.0
2022-05-05 00:00:00+03:00,26.940000534057617,27.799999237060547,26.639999389648438,27.34000015258789,11686427,0.0,0.0
2022-05-06 00:00:00+03:00,27.020000457763672,27.84000015258789,26.760000228881836,27.600000381469727,9988671,0.0,0.0
2022-05-09 00:00:00+03:00,27.639999389648438,28.239999771118164,27.299999237060547,27.459999084472656,10141222,0.0,0.0
2022-05-10 00:00:00+03:00,27.559999465942383,27.760000228881836,27.420000076293945,27.65999984741211,1565914,0.0,0.0
2022-05-11 00:00:00+03:00,27.6200008392334,27.639999389648438,26.479999542236328,26.940000534057617,12044051,0.0,0.0
2022-05-12 00:00:00+03:00,26.399999618530273,26.440000534057617,25.280000686645508,25.360000610351562,12089446,0.0,0.0
2022-05-13 00:00:00+03:00,25.799999237060547,26.059999465942383,25.65999984741211,25.799999237060547,6353254,0.0,0.0
2022-05-16 00:00:00+03:00,25.81999969482422,26.100000381469727,25.079999923706055,25.139999389648438,5901763,0.0,0.0
2022-05-17 00:00:00+03:00,25.200000762939453,25.760000228881836,25.1200008392334,25.5,7577061,0.0,0.0
2022-05-18 00:00:00+03:00,25.360000610351562,25.84000015258789,25.1200008392334,25.459999084472656,4601517,0.0,0.0
2022-05-20 00:00:00+03:00,25.399999618530273,25.68000030517578,25.1200008392334,25.239999771118164,3459767,0.0,0.0
2022-05-23 00:00:00+03:00,25.299999237060547,25.420000076293945,24.639999389648438,24.860000610351562,4695263,0.0,0.0
2022-05-24 00:00:00+03:00,24.940000534057617,25.1200008392334,24.5,24.5,4617855,0.0,0.0
2022-05-25 00:00:00+03:00,24.68000030517578,25.700000762939453,24.65999984741211,25.260000228881836,8896505,0.0,0.0
2022-05-26 00:00:00+03:00,25.299999237060547,25.860000610351562,25.239999771118164,25.739999771118164,7515845,0.0,0.0
2022-05-27 00:00:00+03:00,25.84000015258789,26.139999389648438,25.219999313354492,25.399999618530273,6817082,0.0,0.0
2022-05-30 00:00:00+03:00,26.0,26.600000381469727,25.899999618530273,26.459999084472656,11773660,0.0,0.0
2022-05-31 00:00:00+03:00,26.579999923706055,27.079999923706055,26.479999542236328,26.959999084472656,10405354,0.0,0.0
2022-06-01 00:00:00+03:00,27.040000915527344,27.34000015258789,26.719999313354492,26.860000610351562,6995739,0.0,0.0
2022-06-02 00:00:00+03:00,27.0,27.059999465942383,26.559999465942383,26.8799991607666,7767648,0.0,0.0
2022-06-03 00:00:00+03:00,27.059999465942383,27.18000030517578,26.600000381469727,26.81999969482422,6643834,0.0,0.0
2022-06-06 00:00:00+03:00,26.959999084472656,27.399999618530273,26.959999084472656,27.139999389648438,7185796,0.0,0.0
2022-06-07 00:00:00+03:00,27.15999984741211,27.760000228881836,26.940000534057617,27.280000686645508,9117014,0.0,0.0
2022-06-08 00:00:00+03:00,27.420000076293945,27.600000381469727,25.739999771118164,25.799999237060547,9994574,0.0,0.0
2022-06-09 00:00:00+03:00,25.81999969482422,26.5,25.68000030517578,26.5,8096027,0.0,0.0
2022-06-10 00:00:00+03:00,26.0,26.700000762939453,25.719999313354492,25.940000534057617,7320575,0.0,0.0
2022-06-13 00:00:00+03:00,25.68000030517578,25.959999084472656,25.440000534057617,25.68000030517578,4304034,0.0,0.0
2022-06-14 00:00:00+03:00,25.700000762939453,25.760000228881836,25.239999771118164,25.440000534057617,3429312,0.0,0.0
2022-06-15 00:00:00+03:00,25.440000534057617,25.68000030517578,25.219999313354492,25.360000610351562,4737635,0.0,0.0
2022-06-16 00:00:00+03:00,25.399999618530273,25.520000457763672,24.719999313354492,24.899999618530273,4559123,0.0,0.0
2022-06-17 00:00:00+03:00,25.020000457763672,25.1200008392334,24.719999313354492,25.100000381469727,4877323,0.0,0.0
2022-06-20 00:00:00+03:00,25.360000610351562,25.65999984741211,24.860000610351562,25.299999237060547,5319575,0.0,0.0
2022-06-21 00:00:00+03:00,25.459999084472656,26.18000030517578,25.34000015258789,25.979999542236328,10652198,0.0,0.0
2022-06-22 00:00:00+03:00,25.760000228881836,26.200000762939453,25.65999984741211,25.8799991607666,6860679,0.0,0.0
2022-06-23 00:00:00+03:00,25.780000686645508,26.0,25.3799991607666,25.420000076293945,4564189,0.0,0.0
2022-06-24 00:00:00+03:00,25.479999542236328,25.719999313354492,25.219999313354492,25.540000915527344,6060387,0.0,0.0
2022-06-27 00:00:00+03:00,24.799999237060547,25.780000686645508,24.700000762939453,25.559999465942383,5573957,0.0,0.0
2022-06-28 00:00:00+03:00,25.579999923706055,25.860000610351562,24.860000610351562,25.1200008392334,6288141,0.0,0.0
2022-06-29 00:00:00+03:00,25.1200008392334,25.280000686645508,24.219999313354492,24.399999618530273,5544323,0.0,0.0
2022-06-30 00:00:00+03:00,24.0,24.34000015258789,23.639999389648438,23.760000228881836,8888415,0.0,0.0
2022-07-01 00:00:00+03:00,23.799999237060547,24.100000381469727,23.68000030517578,23.940000534057617,3702223,0.0,0.0
2022-07-04 00:00:00+03:00,24.020000457763672,24.299999237060547,23.479999542236328,23.540000915527344,4005806,0.0,0.0
2022-07-05 00:00:00+03:00,23.540000915527344,23.700000762939453,22.739999771118164,23.1200008392334,5026502,0.0,0.0
2022-07-06 00:00:00+03:00,23.219999313354492,23.760000228881836,23.100000381469727,23.739999771118164,5049022,0.0,0.0
2022-07-07 00:00:00+03:00,23.799999237060547,23.940000534057617,23.600000381469727,23.68000030517578,6002167,0.0,0.0
2022-07-08 00:00:00+03:00,23.68000030517578,23.940000534057617,23.65999984741211,23.899999618530273,2002241,0.0,0.0
2022-07-13 00:00:00+03:00,23.940000534057617,24.219999313354492,23.399999618530273,23.399999618530273,7449017,0.0,0.0
2022-07-14 00:00:00+03:00,23.899999618530273,23.899999618530273,23.059999465942383,23.18000030517578,8565825,0.0,0.0
2022-07-18 00:00:00+03:00,23.520000457763672,23.68000030517578,23.31999969482422,23.459999084472656,5871342,0.0,0.0
2022-07-19 00:00:00+03:00,23.399999618530273,24.280000686645508,23.3799991607666,24.020000457763672,9378283,0.0,0.0
2022-07-20 00:00:00+03:00,24.059999465942383,24.760000228881836,24.059999465942383,24.5,8467117,0.0,0.0
2022-07-21 00:00:00+03:00,24.5,24.739999771118164,24.239999771118164,24.420000076293945,8540229,0.0,0.0
2022-07-22 00:00:00+03:00,24.600000381469727,24.600000381469727,24.200000762939453,24.420000076293945,4998790,0.0,0.0
2022-07-25 00:00:00+03:00,24.420000076293945,24.600000381469727,24.34000015258789,24.5,4653795,0.0,0.0
2022-07-26 00:00:00+03:00,24.540000915527344,24.65999984741211,24.100000381469727,24.200000762939453,4846102,0.0,0.0
2022-07-27 00:00:00+03:00,24.260000228881836,24.34000015258789,23.940000534057617,24.15999984741211,6081182,0.0,0.0
2022-07-28 00:00:00+03:00,24.299999237060547,24.3799991607666,23.940000534057617,24.1200008392334,6046189,0.0,0.0
2022-07-29 00:00:00+03:00,24.139999389648438,24.31999969482422,23.940000534057617,24.15999984741211,6315182,0.0,0.0
2022-08-01 00:00:00+03:00,24.479999542236328,26.5,24.399999618530273,26.059999465942383,22257714,0.0,0.0
2022-08-02 00:00:00+03:00,26.200000762939453,27.299999237060547,25.65999984741211,26.3799991607666,23905510,0.0,0.0
2022-08-03 00:00:00+03:00,26.719999313354492,26.860000610351562,26.280000686645508,26.399999618530273,8858138,0.0,0.0
2022-08-04 00:00:00+03:00,26.559999465942383,27.280000686645508,26.440000534057617,26.799999237060547,12902979,0.0,0.0
2022-08-05 00:00:00+03:00,26.979999542236328,27.459999084472656,26.579999923706055,27.1200008392334,12151806,0.0,0.0
2022-08-08 00:00:00+03:00,27.559999465942383,28.979999542236328,27.540000915527344,28.81999969482422,15997920,0.0,0.0
2022-08-09 00:00:00+03:00,28.84000015258789,28.899999618530273,27.65999984741211,27.959999084472656,9558416,0.0,0.0
2022-08-10 00:00:00+03:00,27.940000534057617,28.280000686645508,27.200000762939453,28.18000030517578,7542754,0.0,0.0
2022-08-11 00:00:00+03:00,28.399999618530273,28.760000228881836,28.059999465942383,28.059999465942383,10981443,0.0,0.0
2022-08-12 00:00:00+03:00,28.18000030517578,28.68000030517578,27.600000381469727,27.739999771118164,11531384,0.0,0.0
2022-08-15 00:00:00+03:00,28.100000381469727,28.239999771118164,27.239999771118164,27.299999237060547,7956509,0.0,0.0
2022-08-16 00:00:00+03:00,27.420000076293945,28.020000457763672,26.280000686645508,27.479999542236328,11588025,0.0,0.0
2022-08-17 00:00:00+03:00,27.700000762939453,28.1200008392334,27.559999465942383,27.979999542236328,9382656,0.0,0.0
2022-08-18 00:00:00+03:00,27.780000686645508,28.020000457763672,26.559999465942383,27.639999389648438,21557911,0.0,0.0
2022-08-19 00:00:00+03:00,28.719999313354492,29.1200008392334,28.260000228881836,28.520000457763672,23516289,0.0,0.0
2022-08-22 00:00:00+03:00,28.799999237060547,30.260000228881836,28.799999237060547,30.020000457763672,23207601,0.0,0.0
2022-08-23 00:00:00+03:00,30.479999542236328,30.700000762939453,29.760000228881836,30.059999465942383,19563491,0.0,0.0
2022-08-24 00:00:00+03:00,30.299999237060547,30.68000030517578,29.84000015258789,30.360000610351562,28065740,0.0,0.0
2022-08-25 00:00:00+03:00,30.520000457763672,30.8799991607666,30.100000381469727,30.239999771118164,20730588,0.0,0.0
2022-08-26 00:00:00+03:00,30.31999969482422,30.3799991607666,29.540000915527344,29.899999618530273,22177906,0.0,0.0
2022-08-29 00:00:00+03:00,29.8799991607666,29.8799991607666,29.15999984741211,29.15999984741211,14524433,0.0,0.0
2022-08-31 00:00:00+03:00,29.139999389648438,30.040000915527344,29.100000381469727,29.68000030517578,23481189,0.0,0.0
2022-09-01 00:00:00+03:00,29.440000534057617,30.479999542236328,29.239999771118164,29.899999618530273,23123582,0.0,0.0
2022-09-02 00:00:00+03:00,30.200000762939453,32.68000030517578,30.020000457763672,32.060001373291016,37508439,0.0,0.0
2022-09-05 00:00:00+03:00,32.900001525878906,33.97999954223633,32.880001068115234,33.18000030517578,27305507,0.0,0.0
2022-09-06 00:00:00+03:00,33.29999923706055,33.380001068115234,31.639999389648438,32.20000076293945,29461742,0.0,0.0
2022-09-07 00:00:00+03:00,32.31999969482422,34.63999938964844,31.65999984741211,34.0,44212952,0.0,0.0
2022-09-08 00:00:00+03:00,34.36000061035156,34.97999954223633,32.400001525878906,32.939998626708984,24576962,0.0,0.0
2022-09-09 00:00:00+03:00,32.959999084472656,33.41999816894531,32.400001525878906,32.63999938964844,34384649,0.0,0.0
2022-09-12 00:00:00+03:00,32.97999954223633,34.08000183105469,32.720001220703125,33.52000045776367,41046918,0.0,0.0
2022-09-13 00:00:00+03:00,33.91999816894531,33.91999816894531,30.700000762939453,30.700000762939453,29229257,0.0,0.0
2022-09-14 00:00:00+03:00,30.639999389648438,32.220001220703125,29.700000762939453,32.08000183105469,18340202,0.0,0.0
2022-09-15 00:00:00+03:00,32.15999984741211,33.29999923706055,31.479999542236328,31.8799991607666,21382521,0.0,0.0
2022-09-16 00:00:00+03:00,32.099998474121094,32.65999984741211,31.780000686645508,32.02000045776367,14626138,0.0,0.0
2022-09-19 00:00:00+03:00,32.29999923706055,33.15999984741211,31.0,31.059999465942383,18457803,0.0,0.0
2022-09-20 00:00:00+03:00,31.579999923706055,32.15999984741211,30.559999465942383,31.299999237060547,10965111,0.0,0.0
2022-09-21 00:00:00+03:00,31.700000762939453,32.08000183105469,31.239999771118164,31.600000381469727,14735635,0.0,0.0
2022-09-22 00:00:00+03:00,31.6200008392334,32.7400016784668,31.6200008392334,32.52000045776367,21663823,0.0,0.0
2022-09-23 00:00:00+03:00,33.13999938964844,35.7599983215332,32.900001525878906,35.7599983215332,35409334,0.0,0.0
2022-09-26 00:00:00+03:00,36.79999923706055,39.31999969482422,36.119998931884766,37.099998474121094,75886477,0.0,0.0
2022-09-27 00:00:00+03:00,37.099998474121094,38.68000030517578,35.5,36.29999923706055,38596919,0.0,0.0
2022-09-28 00:00:00+03:00,36.31999969482422,38.18000030517578,36.29999923706055,37.18000030517578,38261264,0.0,0.0
2022-09-29 00:00:00+03:00,37.599998474121094,38.880001068115234,35.720001220703125,37.720001220703125,34025085,0.0,0.0
2022-09-30 00:00:00+03:00,38.0,40.18000030517578,37.880001068115234,40.0,43494588,0.0,0.0
2022-10-03 00:00:00+03:00,40.900001525878906,42.84000015258789,40.20000076293945,41.31999969482422,35625019,0.0,0.0
2022-10-04 00:00:00+03:00,41.5,42.959999084472656,40.52000045776367,41.279998779296875,41060764,0.0,0.0
2022-10-05 00:00:00+03:00,41.599998474121094,42.2400016784668,40.20000076293945,40.380001068115234,23140535,0.0,0.0
2022-10-06 00:00:00+03:00,40.7599983215332,42.060001373291016,40.5,41.36000061035156,19469087,0.0,0.0
2022-10-07 00:00:00+03:00,41.439998626708984,43.5,41.279998779296875,43.47999954223633,32205983,0.0,0.0
2022-10-10 00:00:00+03:00,43.63999938964844,44.31999969482422,42.459999084472656,42.7599983215332,22391177,0.0,0.0
2022-10-11 00:00:00+03:00,42.79999923706055,43.119998931884766,41.400001525878906,41.400001525878906,15724175,0.0,0.0
2022-10-12 00:00:00+03:00,41.400001525878906,41.52000045776367,39.599998474121094,39.91999816894531,15308385,0.0,0.0
2022-10-13 00:00:00+03:00,40.0,41.380001068115234,39.97999954223633,40.400001525878906,17922333,0.0,0.0
2022-10-14 00:00:00+03:00,40.900001525878906,41.439998626708984,40.400001525878906,40.779998779296875,12374346,0.0,0.0
2022-10-17 00:00:00+03:00,41.31999969482422,42.2599983215332,41.279998779296875,41.63999938964844,17522475,0.0,0.0
2022-10-18 00:00:00+03:00,41.959999084472656,43.70000076293945,41.08000183105469,43.34000015258789,19542692,0.0,0.0
2022-10-19 00:00:00+03:00,43.880001068115234,45.91999816894531,43.560001373291016,44.70000076293945,32185571,0.0,0.0
2022-10-20 00:00:00+03:00,44.7400016784668,45.880001068115234,43.68000030517578,43.68000030517578,20020935,0.0,0.0
2022-10-21 00:00:00+03:00,43.900001525878906,44.380001068115234,43.02000045776367,43.20000076293945,12686459,0.0,0.0
2022-10-24 00:00:00+03:00,43.459999084472656,47.060001373291016,43.400001525878906,46.2599983215332,25544726,0.0,0.0
2022-10-25 00:00:00+03:00,46.599998474121094,48.79999923706055,45.779998779296875,46.52000045776367,29684739,0.0,0.0
2022-10-26 00:00:00+03:00,46.7599983215332,47.97999954223633,46.400001525878906,46.400001525878906,18030297,0.0,0.0
2022-10-27 00:00:00+03:00,46.720001220703125,47.29999923706055,45.619998931884766,47.08000183105469,18766826,0.0,0.0
2022-10-28 00:00:00+03:00,46.84000015258789,47.13999938964844,45.34000015258789,45.65999984741211,7215803,0.0,0.0
2022-10-31 00:00:00+03:00,45.70000076293945,47.2599983215332,44.439998626708984,46.099998474121094,21565630,0.0,0.0
2022-11-01 00:00:00+03:00,46.36000061035156,47.2599983215332,45.91999816894531,46.31999969482422,15479441,0.0,0.0
2022-11-02 00:00:00+03:00,46.400001525878906,46.7599983215332,45.599998474121094,45.599998474121094,12030696,0.0,0.0
2022-11-03 00:00:00+03:00,46.02000045776367,46.099998474121094,45.02000045776367,45.540000915527344,9331841,0.0,0.0
2022-11-04 00:00:00+03:00,45.70000076293945,46.97999954223633,45.599998474121094,45.70000076293945,11254796,0.0,0.0
2022-11-07 00:00:00+03:00,46.0,47.540000915527344,45.599998474121094,47.20000076293945,15270370,0.0,0.0
2022-11-08 00:00:00+03:00,47.63999938964844,48.5,47.040000915527344,47.099998474121094,17227208,0.0,0.0
2022-11-09 00:00:00+03:00,47.18000030517578,48.2400016784668,46.2599983215332,46.34000015258789,13532873,0.0,0.0
2022-11-10 00:00:00+03:00,42.060001373291016,44.900001525878906,42.060001373291016,44.34000015258789,22702798,0.0,0.0
2022-11-11 00:00:00+03:00,44.91999816894531,45.0,43.400001525878906,43.400001525878906,12291964,0.0,0.0
2022-11-14 00:00:00+03:00,43.439998626708984,43.86000061035156,43.0,43.099998474121094,12309962,0.0,0.0
2022-11-15 00:00:00+03:00,43.29999923706055,44.119998931884766,42.34000015258789,42.79999923706055,17848239,0.0,0.0
2022-11-16 00:00:00+03:00,42.97999954223633,43.15999984741211,41.41999816894531,41.439998626708984,11842593,0.0,0.0
2022-11-17 00:00:00+03:00,42.0,42.439998626708984,39.900001525878906,41.68000030517578,10479868,0.0,0.0
2022-11-18 00:00:00+03:00,41.7599983215332,43.41999816894531,41.65999984741211,43.20000076293945,9588729,0.0,0.0
2022-11-21 00:00:00+03:00,43.5,44.18000030517578,43.119998931884766,44.0,11628435,0.0,0.0
2022-11-22 00:00:00+03:00,45.0,45.560001373291016,44.41999816894531,45.36000061035156,11638027,0.0,0.0
2022-11-23 00:00:00+03:00,45.52000045776367,47.400001525878906,44.65999984741211,46.91999816894531,15370549,0.0,0.0
2022-11-24 00:00:00+03:00,47.5,50.20000076293945,47.31999969482422,49.720001220703125,31651406,0.0,0.0
2022-11-25 00:00:00+03:00,50.70000076293945,52.25,49.91999816894531,50.599998474121094,19946327,0.0,0.0
2022-11-28 00:00:00+03:00,51.099998474121094,52.849998474121094,49.720001220703125,52.29999923706055,19013250,0.0,0.0
2022-11-29 00:00:00+03:00,52.79999923706055,54.20000076293945,50.45000076293945,53.599998474121094,18192767,0.0,0.0
2022-11-30 00:00:00+03:00,53.849998474121094,59.650001525878906,53.29999923706055,59.650001525878906,15088677,0.0,0.0
2022-12-01 00:00:00+03:00,61.70000076293945,65.5999984741211,60.04999923706055,62.5,32620146,0.0,0.0
2022-12-02 00:00:00+03:00,63.29999923706055,67.3499984741211,61.95000076293945,65.5999984741211,23921672,0.0,0.0
2022-12-05 00:00:00+03:00,68.0,68.44999694824219,62.5,65.19999694824219,22042786,0.0,0.0
2022-12-06 00:00:00+03:00,64.5,67.30000305175781,63.099998474121094,66.5999984741211,16528021,0.0,0.0
2022-12-07 00:00:00+03:00,66.75,68.44999694824219,61.0,63.04999923706055,17486733,0.0,0.0
2022-12-08 00:00:00+03:00,63.099998474121094,63.54999923706055,57.5,60.04999923706055,23376226,0.0,0.0
2022-12-09 00:00:00+03:00,60.0,64.8499984741211,60.0,64.44999694824219,15655870,0.0,0.0
2022-12-12 00:00:00+03:00,65.19999694824219,67.1500015258789,64.55000305175781,66.3499984741211,11097494,0.0,0.0
2022-12-13 00:00:00+03:00,66.30000305175781,69.80000305175781,64.19999694824219,68.9000015258789,20660656,0.0,0.0
2022-12-14 00:00:00+03:00,69.3499984741211,73.94999694824219,65.9000015258789,66.3499984741211,26717772,0.0,0.0
2022-12-15 00:00:00+03:00,70.30000305175781,72.94999694824219,68.05000305175781,72.44999694824219,24743876,0.0,0.0
2022-12-16 00:00:00+03:00,72.55000305175781,75.0,71.05000305175781,73.55000305175781,9449799,0.0,0.0
2022-12-19 00:00:00+03:00,72.69999694824219,74.55000305175781,71.75,72.25,12951548,0.0,0.0
2022-12-20 00:00:00+03:00,71.19999694824219,71.3499984741211,69.19999694824219,70.1500015258789,11346049,0.0,0.0
2022-12-21 00:00:00+03:00,70.0,72.5,68.80000305175781,69.1500015258789,12146526,0.0,0.0
2022-12-22 00:00:00+03:00,69.9000015258789,74.25,69.30000305175781,74.0,36577944,0.0,0.0
2022-12-23 00:00:00+03:00,74.44999694824219,75.0999984741211,71.6500015258789,71.9000015258789,13822103,0.0,0.0
2022-12-26 00:00:00+03:00,73.05000305175781,73.5999984741211,71.25,71.3499984741211,10458829,0.0,0.0
2022-12-27 00:00:00+03:00,72.4000015258789,72.5,69.44999694824219,69.5999984741211,9120707,0.0,0.0
2022-12-28 00:00:00+03:00,69.69999694824219,71.19999694824219,66.80000305175781,70.5999984741211,17764821,0.0,0.0
2022-12-29 00:00:00+03:00,69.69999694824219,74.4000015258789,69.25,72.75,17651150,0.0,0.0
2022-12-30 00:00:00+03:00,73.4000015258789,75.25,70.94999694824219,71.25,14561689,0.0,0.0
2023-01-02 00:00:00+03:00,71.5999984741211,74.0,71.5999984741211,73.0,11665859,0.0,0.0
2023-01-03 00:00:00+03:00,73.80000305175781,80.30000305175781,72.3499984741211,78.5,31915932,0.0,0.0
2023-01-04 00:00:00+03:00,78.69999694824219,81.0999984741211,76.0,77.0,24028808,0.0,0.0
2023-01-05 00:00:00+03:00,78.0,79.30000305175781,70.80000305175781,73.3499984741211,15392278,0.0,0.0
2023-01-06 00:00:00+03:00,70.8499984741211,74.44999694824219,67.3499984741211,73.5,19497489,0.0,0.0
2023-01-09 00:00:00+03:00,74.6500015258789,74.94999694824219,68.0,69.19999694824219,13206790,0.0,0.0
2023-01-10 00:00:00+03:00,69.1500015258789,69.5,64.69999694824219,65.5,11836659,0.0,0.0
2023-01-11 00:00:00+03:00,65.5999984741211,67.0,59.599998474121094,59.70000076293945,12893233,0.0,0.0
2023-01-12 00:00:00+03:00,61.5,64.30000305175781,56.849998474121094,63.900001525878906,19770935,0.0,0.0
2023-01-13 00:00:00+03:00,63.0,65.3499984741211,61.150001525878906,62.54999923706055,10545105,0.0,0.0
2023-01-16 00:00:00+03:00,62.70000076293945,66.6500015258789,62.04999923706055,66.5,9519186,0.0,0.0
2023-01-17 00:00:00+03:00,66.5,68.5999984741211,65.5999984741211,67.0,13995815,0.0,0.0
2023-01-18 00:00:00+03:00,67.05000305175781,72.1500015258789,67.05000305175781,71.9000015258789,16371643,0.0,0.0
2023-01-19 00:00:00+03:00,71.9000015258789,74.25,71.30000305175781,71.5999984741211,11279471,0.0,0.0
2023-01-20 00:00:00+03:00,71.75,73.3499984741211,70.75,71.9000015258789,8029433,0.0,0.0
2023-01-23 00:00:00+03:00,72.5,72.80000305175781,68.9000015258789,68.9000015258789,10162804,0.0,0.0
2023-01-24 00:00:00+03:00,69.0,69.5,65.75,66.55000305175781,11436947,0.0,0.0
2023-01-25 00:00:00+03:00,67.25,68.05000305175781,64.1500015258789,65.94999694824219,10021071,0.0,0.0
2023-01-26 00:00:00+03:00,66.0,71.5,65.80000305175781,69.44999694824219,19544550,0.0,0.0
2023-01-27 00:00:00+03:00,68.69999694824219,71.80000305175781,65.30000305175781,67.0,18425060,0.0,0.0
2023-01-30 00:00:00+03:00,67.25,68.4000015258789,65.8499984741211,66.55000305175781,10486068,0.0,0.0
2023-01-31 00:00:00+03:00,66.0,66.5999984741211,62.54999923706055,63.20000076293945,10077812,0.0,0.0
2023-02-01 00:00:00+03:00,63.5,63.95000076293945,57.54999923706055,58.349998474121094,10570257,0.0,0.0
2023-02-02 00:00:00+03:00,58.5,59.900001525878906,52.70000076293945,56.45000076293945,17103863,0.0,0.0
2023-02-03 00:00:00+03:00,57.349998474121094,59.400001525878906,54.79999923706055,59.400001525878906,14718693,0.0,0.0
2023-02-06 00:00:00+03:00,57.0,59.29999923706055,54.70000076293945,58.5,2674258,0.0,0.0
2023-02-07 00:00:00+03:00,58.0,58.25,52.650001525878906,52.650001525878906,4694849,0.0,0.0
2023-02-08 00:00:00+03:00,47.5,47.5,47.5,47.5,4785,0.0,0.0
2023-02-15 00:00:00+03:00,55.0,57.900001525878906,53.5,57.900001525878906,2509918,0.0,0.0
2023-02-16 00:00:00+03:00,61.900001525878906,62.0,56.0,56.79999923706055,10088418,0.0,0.0
2023-02-17 00:00:00+03:00,55.20000076293945,58.0,54.849998474121094,55.349998474121094,4442162,0.0,0.0
2023-02-20 00:00:00+03:00,54.599998474121094,57.25,53.5,56.349998474121094,9345499,0.0,0.0
2023-02-21 00:00:00+03:00,55.900001525878906,61.400001525878906,55.70000076293945,59.70000076293945,12354756,0.0,0.0
2023-02-22 00:00:00+03:00,61.0,63.400001525878906,58.29999923706055,58.599998474121094,13490977,0.0,0.0
2023-02-23 00:00:00+03:00,58.5,60.5,58.099998474121094,58.599998474121094,5539990,0.0,0.0
2023-02-24 00:00:00+03:00,58.54999923706055,59.20000076293945,56.900001525878906,56.95000076293945,5055148,0.0,0.0
2023-02-27 00:00:00+03:00,57.29999923706055,58.0,54.45000076293945,57.099998474121094,5893879,0.0,0.0
2023-02-28 00:00:00+03:00,57.150001525878906,58.349998474121094,55.79999923706055,56.0,6846765,0.0,0.0
2023-03-01 00:00:00+03:00,56.45000076293945,58.04999923706055,56.400001525878906,58.0,6126269,0.0,0.0
2023-03-02 00:00:00+03:00,58.150001525878906,59.20000076293945,56.29999923706055,56.5,5333891,0.0,0.0
2023-03-03 00:00:00+03:00,56.25,59.04999923706055,55.5,57.29999923706055,9384116,0.0,0.0
2023-03-06 00:00:00+03:00,58.400001525878906,61.45000076293945,58.400001525878906,60.900001525878906,10537543,0.0,0.0
2023-03-07 00:00:00+03:00,62.349998474121094,63.25,60.29999923706055,60.849998474121094,11611874,0.0,0.0
2023-03-08 00:00:00+03:00,60.79999923706055,61.79999923706055,60.099998474121094,60.5,6631400,0.0,0.0
2023-03-09 00:00:00+03:00,61.099998474121094,62.45000076293945,59.70000076293945,59.95000076293945,5796611,0.0,0.0
2023-03-10 00:00:00+03:00,59.79999923706055,60.25,57.849998474121094,58.650001525878906,6399197,0.0,0.0
2023-03-13 00:00:00+03:00,56.70000076293945,57.75,55.599998474121094,55.900001525878906,7658281,0.0,0.0
2023-03-14 00:00:00+03:00,56.5,58.849998474121094,55.54999923706055,57.0,7686817,0.0,0.0
2023-03-15 00:00:00+03:00,57.400001525878906,57.5,53.849998474121094,55.099998474121094,7409646,0.0,0.0
2023-03-16 00:00:00+03:00,55.70000076293945,56.79999923706055,54.79999923706055,56.099998474121094,6007128,0.0,0.0
2023-03-17 00:00:00+03:00,57.0,57.099998474121094,54.20000076293945,55.75,7424816,0.0,0.0
2023-03-20 00:00:00+03:00,55.599998474121094,55.75,53.150001525878906,54.20000076293945,3922148,0.0,0.0
2023-03-21 00:00:00+03:00,53.900001525878906,54.45000076293945,52.29999923706055,52.400001525878906,3829683,0.0,0.0
2023-03-22 00:00:00+03:00,52.54999923706055,53.20000076293945,51.54999923706055,52.599998474121094,6044580,0.0,0.0
2023-03-23 00:00:00+03:00,52.5,54.099998474121094,52.400001525878906,53.400001525878906,4694545,0.0,0.0
2023-03-24 00:00:00+03:00,53.349998474121094,54.599998474121094,51.79999923706055,52.599998474121094,3691868,0.0,0.0
2023-03-27 00:00:00+03:00,53.099998474121094,53.400001525878906,51.79999923706055,51.79999923706055,2867939,0.0,0.0
2023-03-28 00:00:00+03:00,51.75,51.79999923706055,49.0,49.0,3872133,0.0,0.0
2023-03-29 00:00:00+03:00,48.619998931884766,49.619998931884766,47.380001068115234,49.5,4590678,0.0,0.0
2023-03-30 00:00:00+03:00,49.560001373291016,50.79999923706055,48.65999984741211,49.13999938964844,4003048,0.0,0.0
2023-03-31 00:00:00+03:00,48.65999984741211,48.939998626708984,46.70000076293945,47.31999969482422,4698677,0.0,0.0
2023-04-03 00:00:00+03:00,47.060001373291016,47.2400016784668,45.119998931884766,46.540000915527344,4601358,0.0,0.0
2023-04-04 00:00:00+03:00,46.540000915527344,47.5,46.5,47.5,5597095,0.0,0.0
2023-04-05 00:00:00+03:00,47.7599983215332,48.31999969482422,46.70000076293945,46.880001068115234,5453340,0.0,0.0
2023-04-06 00:00:00+03:00,46.63999938964844,47.400001525878906,45.5,46.13999938964844,3343152,0.0,0.0
2023-04-07 00:00:00+03:00,46.15999984741211,48.70000076293945,45.7599983215332,48.68000030517578,5714390,0.0,0.0
2023-04-10 00:00:00+03:00,49.2599983215332,51.0,49.099998474121094,51.0,5774761,0.0,0.0
2023-04-11 00:00:00+03:00,51.400001525878906,52.45000076293945,50.29999923706055,50.95000076293945,5377497,0.0,0.0
2023-04-12 00:00:00+03:00,51.20000076293945,51.45000076293945,50.0,50.20000076293945,8668332,0.0,0.0
2023-04-13 00:00:00+03:00,50.150001525878906,51.0,48.84000015258789,48.84000015258789,7120485,0.0,0.0
2023-04-14 00:00:00+03:00,49.060001373291016,50.25,49.040000915527344,49.15999984741211,5518945,0.0,0.0
2023-04-17 00:00:00+03:00,49.18000030517578,49.81999969482422,48.13999938964844,48.13999938964844,5018107,0.0,0.0
2023-04-18 00:00:00+03:00,48.18000030517578,48.70000076293945,47.58000183105469,47.939998626708984,3579976,0.0,0.0
2023-04-19 00:00:00+03:00,47.900001525878906,47.939998626708984,47.2400016784668,47.91999816894531,3235766,0.0,0.0
2023-04-20 00:00:00+03:00,47.91999816894531,47.91999816894531,47.0,47.459999084472656,885702,0.0,0.0
2023-04-24 00:00:00+03:00,47.459999084472656,48.13999938964844,46.65999984741211,46.86000061035156,3089457,0.0,0.0
2023-04-25 00:00:00+03:00,46.97999954223633,47.18000030517578,45.20000076293945,45.400001525878906,3944493,0.0,0.0
2023-04-26 00:00:00+03:00,45.20000076293945,45.5,43.20000076293945,43.5,3912620,0.0,0.0
2023-04-27 00:00:00+03:00,43.29999923706055,43.97999954223633,43.02000045776367,43.099998474121094,3097616,0.0,0.0
2023-04-28 00:00:00+03:00,43.15999984741211,43.36000061035156,41.02000045776367,41.29999923706055,4477417,0.0,0.0
2023-05-02 00:00:00+03:00,41.29999923706055,42.0,39.2400016784668,39.2400016784668,4364204,0.0,0.0
2023-05-03 00:00:00+03:00,39.220001220703125,39.220001220703125,37.2599983215332,38.400001525878906,4469434,0.0,0.0
2023-05-04 00:00:00+03:00,38.400001525878906,40.540000915527344,38.2599983215332,39.0,3402303,0.0,0.0
2023-05-05 00:00:00+03:00,39.0,39.939998626708984,38.29999923706055,38.619998931884766,3427674,0.0,0.0
2023-05-08 00:00:00+03:00,38.84000015258789,40.099998474121094,38.18000030517578,40.099998474121094,3086402,0.0,0.0
2023-05-09 00:00:00+03:00,40.20000076293945,40.79999923706055,39.29999923706055,39.97999954223633,3052671,0.0,0.0
2023-05-10 00:00:00+03:00,39.97999954223633,40.18000030517578,38.5,38.900001525878906,2232421,0.0,0.0
2023-05-11 00:00:00+03:00,38.0,41.599998474121094,37.29999923706055,40.79999923706055,9547393,0.0,0.0
2023-05-12 00:00:00+03:00,40.900001525878906,41.31999969482422,38.900001525878906,39.97999954223633,4677000,0.0,0.0
2023-05-15 00:00:00+03:00,39.0,41.36000061035156,38.0,38.63999938964844,5204311,0.0,0.0
2023-05-16 00:00:00+03:00,39.099998474121094,41.900001525878906,38.79999923706055,41.900001525878906,5476434,0.0,0.0
2023-05-17 00:00:00+03:00,42.040000915527344,42.68000030517578,40.79999923706055,41.2599983215332,9237057,0.0,0.0
2023-05-18 00:00:00+03:00,41.41999816894531,41.58000183105469,39.040000915527344,39.400001525878906,5896371,0.0,0.0
2023-05-22 00:00:00+03:00,39.97999954223633,40.0,38.0,38.400001525878906,4889648,0.0,0.0
2023-05-23 00:00:00+03:00,38.459999084472656,39.2599983215332,38.220001220703125,38.70000076293945,4044989,0.0,0.0
2023-05-24 00:00:00+03:00,38.65999984741211,38.84000015258789,37.58000183105469,37.97999954223633,5096952,0.0,0.0
2023-05-25 00:00:00+03:00,38.0,38.97999954223633,37.63999938964844,38.18000030517578,2723502,0.0,0.0
2023-05-26 00:00:00+03:00,38.18000030517578,40.15999984741211,38.18000030517578,40.119998931884766,4542785,0.0,0.0
2023-05-29 00:00:00+03:00,41.900001525878906,44.119998931884766,40.97999954223633,44.119998931884766,10679462,0.0,0.0
2023-05-30 00:00:00+03:00,45.15999984741211,46.47999954223633,44.5,45.7599983215332,7119668,0.0,0.0
2023-05-31 00:00:00+03:00,45.97999954223633,45.97999954223633,43.70000076293945,44.91999816894531,5934187,0.0,0.0
2023-06-01 00:00:00+03:00,45.380001068115234,48.15999984741211,45.380001068115234,47.2400016784668,10065621,0.0,0.0
2023-06-02 00:00:00+03:00,48.400001525878906,49.439998626708984,47.220001220703125,48.15999984741211,7146556,0.0,0.0
2023-06-05 00:00:00+03:00,49.20000076293945,49.779998779296875,48.52000045776367,49.47999954223633,8879437,0.0,0.0
2023-06-06 00:00:00+03:00,49.47999954223633,50.45000076293945,48.380001068115234,49.08000183105469,7705519,0.0,0.0
2023-06-07 00:00:00+03:00,50.79999923706055,51.54999923706055,49.900001525878906,50.70000076293945,8680364,0.0,0.0
2023-06-08 00:00:00+03:00,50.650001525878906,51.29999923706055,48.880001068115234,49.880001068115234,6770490,0.0,0.0
2023-06-09 00:00:00+03:00,49.959999084472656,51.849998474121094,49.599998474121094,51.45000076293945,6694975,0.0,0.0
2023-06-12 00:00:00+03:00,52.099998474121094,53.5,51.29999923706055,51.5,8805670,0.0,0.0
2023-06-13 00:00:00+03:00,51.29999923706055,51.29999923706055,49.540000915527344,49.900001525878906,6502542,0.0,0.0
2023-06-14 00:00:00+03:00,49.880001068115234,50.29999923706055,47.720001220703125,48.099998474121094,7321110,0.0,0.0
2023-06-15 00:00:00+03:00,48.099998474121094,48.779998779296875,47.47999954223633,48.58000183105469,5137736,0.0,0.0
2023-06-16 00:00:00+03:00,48.81999969482422,49.540000915527344,47.779998779296875,48.119998931884766,5012668,0.0,0.0
2023-06-19 00:00:00+03:00,48.099998474121094,48.119998931884766,45.70000076293945,45.779998779296875,4790177,0.0,0.0
2023-06-20 00:00:00+03:00,45.41999816894531,45.91999816894531,44.540000915527344,45.220001220703125,4006982,0.0,0.0
2023-06-21 00:00:00+03:00,45.36000061035156,47.060001373291016,45.13999938964844,45.619998931884766,10630550,0.0,0.0
2023-06-22 00:00:00+03:00,45.619998931884766,48.099998474121094,45.0,48.0,10750107,0.0,0.0
2023-06-23 00:00:00+03:00,49.5,50.599998474121094,49.099998474121094,50.0,8141880,0.0,0.0
2023-06-26 00:00:00+03:00,50.25,52.75,50.04999923706055,52.5,6734510,0.0,0.0
2023-06-27 00:00:00+03:00,53.0,57.25,52.20000076293945,57.0,8423367,0.0,0.0
2023-07-03 00:00:00+03:00,58.5,60.349998474121094,58.25,58.79999923706055,10117619,0.0,0.0
2023-07-04 00:00:00+03:00,58.79999923706055,59.099998474121094,57.25,57.29999923706055,8646667,0.0,0.0
2023-07-05 00:00:00+03:00,57.29999923706055,58.099998474121094,54.95000076293945,57.95000076293945,10469492,0.0,0.0
2023-07-06 00:00:00+03:00,58.45000076293945,59.70000076293945,57.150001525878906,57.25,10275325,0.0,0.0
2023-07-07 00:00:00+03:00,57.650001525878906,59.5,56.849998474121094,59.29999923706055,12261553,0.0,0.0
2023-07-10 00:00:00+03:00,60.400001525878906,62.54999923706055,60.400001525878906,61.45000076293945,11852538,0.0,0.0
2023-07-11 00:00:00+03:00,62.20000076293945,62.5,60.150001525878906,60.70000076293945,7560051,0.0,0.0
2023-07-12 00:00:00+03:00,60.54999923706055,61.0,58.95000076293945,59.400001525878906,8492720,0.0,0.0
2023-07-13 00:00:00+03:00,59.400001525878906,60.79999923706055,58.599998474121094,58.79999923706055,7088125,0.0,0.0
2023-07-14 00:00:00+03:00,59.20000076293945,60.849998474121094,58.54999923706055,60.20000076293945,7714288,0.0,0.0
2023-07-17 00:00:00+03:00,60.599998474121094,62.150001525878906,59.75,60.099998474121094,13737596,0.0,0.0
2023-07-18 00:00:00+03:00,60.20000076293945,60.5,55.95000076293945,56.04999923706055,10804645,0.0,0.0
2023-07-19 00:00:00+03:00,56.04999923706055,58.349998474121094,54.75,58.349998474121094,9392782,0.0,0.0
2023-07-20 00:00:00+03:00,58.849998474121094,59.25,57.04999923706055,58.25,9228868,0.0,0.0
2023-07-21 00:00:00+03:00,58.25,58.400001525878906,56.04999923706055,57.04999923706055,8697408,0.0,0.0
2023-07-24 00:00:00+03:00,57.25,60.900001525878906,56.599998474121094,60.79999923706055,22440149,0.0,0.0
2023-07-25 00:00:00+03:00,60.79999923706055,63.79999923706055,59.20000076293945,59.54999923706055,21166799,0.0,0.0
2023-07-26 00:00:00+03:00,59.400001525878906,60.75,58.599998474121094,60.0,9821160,0.0,0.0
2023-07-27 00:00:00+03:00,60.400001525878906,63.5,60.25,62.150001525878906,20527344,0.0,0.0
2023-07-28 00:00:00+03:00,63.0,64.4000015258789,60.95000076293945,61.650001525878906,17546434,0.0,0.0
2023-07-31 00:00:00+03:00,62.349998474121094,63.900001525878906,61.599998474121094,61.650001525878906,18262656,0.0,0.0
2023-08-01 00:00:00+03:00,61.650001525878906,63.04999923706055,60.599998474121094,60.599998474121094,16901959,0.0,0.0
2023-08-02 00:00:00+03:00,60.599998474121094,62.04999923706055,60.25,60.29999923706055,11564317,0.0,0.0
2023-08-03 00:00:00+03:00,60.400001525878906,61.25,58.849998474121094,59.150001525878906,10443977,0.0,0.0
2023-08-04 00:00:00+03:00,59.70000076293945,60.5,58.5,59.599998474121094,8377978,0.0,0.0
2023-08-07 00:00:00+03:00,60.599998474121094,62.70000076293945,60.04999923706055,62.25,11805339,0.0,0.0
2023-08-08 00:00:00+03:00,62.599998474121094,62.900001525878906,60.0,60.29999923706055,8437954,0.0,0.0
2023-08-09 00:00:00+03:00,60.5,60.599998474121094,59.20000076293945,59.70000076293945,8253516,0.0,0.0
2023-08-10 00:00:00+03:00,60.25,61.5,57.25,57.900001525878906,15300152,0.0,0.0
2023-08-11 00:00:00+03:00,57.900001525878906,60.0,56.79999923706055,60.0,8871954,0.0,0.0
2023-08-14 00:00:00+03:00,60.79999923706055,61.400001525878906,58.70000076293945,58.900001525878906,8419790,0.0,0.0
2023-08-15 00:00:00+03:00,59.29999923706055,59.400001525878906,58.04999923706055,58.849998474121094,5837923,0.0,0.0
2023-08-16 00:00:00+03:00,58.849998474121094,61.25,58.400001525878906,60.150001525878906,12794883,0.0,0.0
2023-08-17 00:00:00+03:00,60.099998474121094,61.79999923706055,59.79999923706055,60.95000076293945,8043648,0.0,0.0
2023-08-18 00:00:00+03:00,60.5,61.95000076293945,58.25,58.70000076293945,12143665,0.0,0.0
2023-08-21 00:00:00+03:00,58.5,61.45000076293945,57.650001525878906,61.150001525878906,9551015,0.0,0.0
2023-08-22 00:00:00+03:00,61.900001525878906,64.94999694824219,61.900001525878906,62.599998474121094,19915989,0.0,0.0
2023-08-23 00:00:00+03:00,62.900001525878906,65.5,61.599998474121094,61.599998474121094,20241116,0.0,0.0
2023-08-24 00:00:00+03:00,62.20000076293945,63.70000076293945,59.04999923706055,59.20000076293945,14574236,0.0,0.0
2023-08-25 00:00:00+03:00,60.150001525878906,64.4000015258789,58.75,64.4000015258789,12259184,0.0,0.0
2023-08-28 00:00:00+03:00,66.30000305175781,68.0,64.5999984741211,65.9000015258789,14164256,0.0,0.0
2023-08-29 00:00:00+03:00,66.19999694824219,66.5,63.5,64.3499984741211,10395630,0.0,0.0
2023-08-31 00:00:00+03:00,65.4000015258789,69.0999984741211,64.5999984741211,68.80000305175781,19166421,0.0,0.0
2023-09-01 00:00:00+03:00,68.80000305175781,68.80000305175781,67.05000305175781,68.0999984741211,9868449,0.0,0.0
2023-09-04 00:00:00+03:00,68.69999694824219,69.9000015258789,66.6500015258789,67.30000305175781,12959071,0.0,0.0
2023-09-05 00:00:00+03:00,67.30000305175781,67.5,65.4000015258789,66.44999694824219,8118549,0.0,0.0
2023-09-06 00:00:00+03:00,66.75,67.5,65.0,65.25,9285998,0.0,0.0
2023-09-07 00:00:00+03:00,65.5,68.5999984741211,65.4000015258789,68.55000305175781,13303405,0.0,0.0
2023-09-08 00:00:00+03:00,68.55000305175781,70.9000015258789,67.44999694824219,69.1500015258789,12122828,0.0,0.0
2023-09-11 00:00:00+03:00,69.5,70.5,66.5,67.30000305175781,10917895,0.0,0.0
2023-09-12 00:00:00+03:00,67.30000305175781,67.5999984741211,65.25,66.19999694824219,8928837,0.0,0.0
2023-09-13 00:00:00+03:00,66.19999694824219,67.19999694824219,63.54999923706055,63.849998474121094,12568725,0.0,0.0
2023-09-14 00:00:00+03:00,64.0,65.5,61.79999923706055,65.30000305175781,8936556,0.0,0.0
2023-09-15 00:00:00+03:00,65.3499984741211,66.4000015258789,63.650001525878906,63.900001525878906,6270979,0.0,0.0
2023-09-18 00:00:00+03:00,63.650001525878906,64.19999694824219,60.349998474121094,60.349998474121094,5672396,0.0,0.0
2023-09-19 00:00:00+03:00,60.5,61.650001525878906,59.849998474121094,61.04999923706055,7270361,0.0,0.0
2023-09-20 00:00:00+03:00,61.45000076293945,62.25,59.45000076293945,59.5,5877970,0.0,0.0
2023-09-21 00:00:00+03:00,59.04999923706055,62.04999923706055,58.400001525878906,61.900001525878906,7468164,0.0,0.0
2023-09-22 00:00:00+03:00,62.04999923706055,64.80000305175781,61.79999923706055,64.0999984741211,6829697,0.0,0.0
2023-09-25 00:00:00+03:00,64.4000015258789,65.3499984741211,63.900001525878906,64.75,7391352,0.0,0.0
2023-09-26 00:00:00+03:00,65.25,65.8499984741211,63.70000076293945,63.79999923706055,9288813,0.0,0.0
2023-09-27 00:00:00+03:00,64.0,64.3499984741211,61.79999923706055,62.0,8571157,0.0,0.0
2023-09-28 00:00:00+03:00,63.0,64.75,62.0,62.150001525878906,19995000,0.0,0.0
2023-09-29 00:00:00+03:00,62.349998474121094,64.0,62.20000076293945,63.400001525878906,9396843,0.0,0.0
2023-10-02 00:00:00+03:00,63.900001525878906,65.55000305175781,63.75,65.0,11227636,0.0,0.0
2023-10-03 00:00:00+03:00,65.19999694824219,69.0,65.1500015258789,68.25,14282730,0.0,0.0
2023-10-04 00:00:00+03:00,68.25,71.6500015258789,66.44999694824219,68.4000015258789,15452378,0.0,0.0
2023-10-05 00:00:00+03:00,69.19999694824219,70.5999984741211,66.80000305175781,70.0,16261150,0.0,0.0
2023-10-06 00:00:00+03:00,69.4000015258789,70.44999694824219,68.19999694824219,68.5,8311175,0.0,0.0
2023-10-09 00:00:00+03:00,66.5,68.05000305175781,64.0999984741211,64.8499984741211,9032564,0.0,0.0
2023-10-10 00:00:00+03:00,65.5999984741211,67.69999694824219,65.5999984741211,67.0,6172295,0.0,0.0
2023-10-11 00:00:00+03:00,66.75,67.19999694824219,64.9000015258789,67.1500015258789,7247278,0.0,0.0
2023-10-12 00:00:00+03:00,67.69999694824219,68.8499984741211,63.650001525878906,67.0,9054714,0.0,0.0
2023-10-13 00:00:00+03:00,67.19999694824219,67.3499984741211,64.6500015258789,65.69999694824219,5367191,0.0,0.0
2023-10-16 00:00:00+03:00,67.5,67.5,65.0999984741211,65.5,5969394,0.0,0.0
2023-10-17 00:00:00+03:00,65.5999984741211,67.80000305175781,65.5,67.69999694824219,6387505,0.0,0.0
2023-10-18 00:00:00+03:00,66.0,67.19999694824219,65.05000305175781,65.25,5231242,0.0,0.0
2023-10-19 00:00:00+03:00,66.1500015258789,67.0999984741211,63.150001525878906,64.5,8195521,0.0,0.0
2023-10-20 00:00:00+03:00,63.5,64.25,60.349998474121094,61.5,5974217,0.0,0.0
2023-10-23 00:00:00+03:00,62.5,62.95000076293945,60.45000076293945,62.29999923706055,5914287,0.0,0.0
2023-10-24 00:00:00+03:00,65.0,65.4000015258789,63.349998474121094,64.1500015258789,5804278,0.0,0.0
2023-10-25 00:00:00+03:00,63.849998474121094,64.8499984741211,58.54999923706055,58.54999923706055,6729909,0.0,0.0
2023-10-26 00:00:00+03:00,60.0,61.20000076293945,57.849998474121094,60.349998474121094,5982706,0.0,0.0
2023-10-27 00:00:00+03:00,60.0,61.5,58.599998474121094,61.5,4116015,0.0,0.0
2023-10-30 00:00:00+03:00,61.349998474121094,64.44999694824219,61.0,64.19999694824219,9792191,0.0,0.0
2023-10-31 00:00:00+03:00,64.0999984741211,64.4000015258789,60.900001525878906,60.95000076293945,5061757,0.0,0.0
2023-11-01 00:00:00+03:00,61.20000076293945,61.349998474121094,59.0,60.150001525878906,5286176,0.0,0.0
2023-11-02 00:00:00+03:00,61.0,62.45000076293945,60.25,62.45000076293945,3772360,0.0,0.0
2023-11-03 00:00:00+03:00,63.599998474121094,63.599998474121094,61.349998474121094,63.349998474121094,3866971,0.0,0.0
2023-11-06 00:00:00+03:00,64.30000305175781,64.80000305175781,63.150001525878906,63.900001525878906,4600983,0.0,0.0
2023-11-07 00:00:00+03:00,63.849998474121094,64.5999984741211,63.20000076293945,63.849998474121094,4240879,0.0,0.0
2023-11-08 00:00:00+03:00,63.849998474121094,63.900001525878906,61.849998474121094,61.900001525878906,7511301,0.0,0.0
2023-11-09 00:00:00+03:00,61.79999923706055,62.099998474121094,61.04999923706055,61.25,3049908,0.0,0.0
2023-11-10 00:00:00+03:00,61.5,61.70000076293945,60.5,60.599998474121094,3545945,0.0,0.0
2023-11-13 00:00:00+03:00,61.0,61.150001525878906,58.349998474121094,58.45000076293945,3645664,0.0,0.0
2023-11-14 00:00:00+03:00,58.45000076293945,59.79999923706055,58.25,59.29999923706055,3318800,0.0,0.0
2023-11-15 00:00:00+03:00,59.54999923706055,60.29999923706055,58.70000076293945,60.150001525878906,3292779,0.0,0.0
2023-11-16 00:00:00+03:00,59.900001525878906,60.650001525878906,59.29999923706055,59.75,3272005,0.0,0.0
2023-11-17 00:00:00+03:00,59.75,60.400001525878906,59.5,59.70000076293945,1896777,0.0,0.0
2023-11-20 00:00:00+03:00,60.150001525878906,61.79999923706055,60.099998474121094,61.79999923706055,3820532,0.0,0.0
2023-11-21 00:00:00+03:00,61.75,61.900001525878906,60.29999923706055,60.900001525878906,4371388,0.0,0.0
2023-11-22 00:00:00+03:00,60.900001525878906,61.95000076293945,60.650001525878906,61.25,3423811,0.0,0.0
2023-11-23 00:00:00+03:00,61.04999923706055,62.70000076293945,60.04999923706055,60.099998474121094,6808671,0.0,0.0
2023-11-24 00:00:00+03:00,60.0,60.099998474121094,58.75,59.400001525878906,4513668,0.0,0.0
2023-11-27 00:00:00+03:00,59.5,60.349998474121094,59.150001525878906,59.900001525878906,3977946,0.0,0.0
2023-11-28 00:00:00+03:00,59.79999923706055,60.400001525878906,59.54999923706055,59.650001525878906,4056285,0.0,0.0
2023-11-29 00:00:00+03:00,59.79999923706055,60.54999923706055,58.5,58.54999923706055,4176439,0.0,0.0
2023-11-30 00:00:00+03:00,58.5,59.75,57.79999923706055,59.75,6396885,0.0,0.0
2023-12-01 00:00:00+03:00,59.70000076293945,60.25,58.5,58.5,2669265,0.0,0.0
2023-12-04 00:00:00+03:00,58.5,58.849998474121094,57.54999923706055,58.04999923706055,2737689,0.0,0.0
2023-12-05 00:00:00+03:00,58.04999923706055,58.599998474121094,57.20000076293945,57.20000076293945,2317878,0.0,0.0
2023-12-06 00:00:00+03:00,57.25,57.45000076293945,54.349998474121094,54.349998474121094,4389884,0.0,0.0
2023-12-07 00:00:00+03:00,54.349998474121094,54.70000076293945,52.95000076293945,54.599998474121094,3556677,0.0,0.0
2023-12-08 00:00:00+03:00,54.5,55.0,53.349998474121094,53.349998474121094,3015485,0.0,0.0
2023-12-11 00:00:00+03:00,53.349998474121094,53.5,51.25,51.54999923706055,3918504,0.0,0.0
2023-12-12 00:00:00+03:00,51.099998474121094,51.650001525878906,50.29999923706055,50.400001525878906,4312345,0.0,0.0
2023-12-13 00:00:00+03:00,50.0,50.5,48.279998779296875,48.36000061035156,4840952,0.0,0.0
2023-12-14 00:00:00+03:00,48.720001220703125,50.20000076293945,48.400001525878906,49.779998779296875,4353442,0.0,0.0
2023-12-15 00:00:00+03:00,49.81999969482422,51.400001525878906,49.29999923706055,51.400001525878906,7335552,0.0,0.0
2023-12-18 00:00:00+03:00,51.0,51.599998474121094,47.720001220703125,48.08000183105469,6285288,0.0,0.0
2023-12-19 00:00:00+03:00,48.08000183105469,48.380001068115234,46.400001525878906,46.52000045776367,8406369,0.0,0.0
2023-12-20 00:00:00+03:00,46.58000183105469,47.2599983215332,45.20000076293945,45.91999816894531,5135709,0.0,0.0
2023-12-21 00:00:00+03:00,45.91999816894531,47.939998626708984,45.36000061035156,47.939998626708984,6515492,0.0,0.0
2023-12-22 00:00:00+03:00,47.939998626708984,48.34000015258789,46.15999984741211,46.15999984741211,4015137,0.0,0.0
2023-12-25 00:00:00+03:00,46.02000045776367,46.02000045776367,43.20000076293945,44.0,3766464,0.0,0.0
2023-12-26 00:00:00+03:00,44.13999938964844,44.70000076293945,42.779998779296875,43.31999969482422,4933389,0.0,0.0
2023-12-27 00:00:00+03:00,43.31999969482422,44.220001220703125,42.540000915527344,43.34000015258789,4888888,0.0,0.0
2023-12-28 00:00:00+03:00,43.81999969482422,44.720001220703125,43.52000045776367,44.720001220703125,4245167,0.0,0.0
2023-12-29 00:00:00+03:00,44.720001220703125,46.380001068115234,44.5,46.2400016784668,4360817,0.0,0.0
